1251603999 32239
1251604253 32241
1253107564 32241
1253765396 33158
1254478445 33189
1254570741 33193
1254589379 33331
1254656309 33323
1256087285 33918
1256403039 33916
1256445301 33963
1256784768 34833
1256795756 34846
1256847046 34892
1256863535 34895
1256864225 34889
1256980303 34917
1256982744 34918
1257038211 34952
1257310726 35043
1257396096 36926
1257486605 36951
1257533606 35711
1257570303 35773
1257619901 36408
1257654292 36464
1258075388 36757
1258221848 36757
1258571981 36877
1259096690 36898
1260059349 36901
1260059891 36897
1260550161 36995
1260551991 36996
1260663196 37024
1260670423 37025
1260671685 37029
1260756721 37048
1261073750 37051
1261091787 37047
1264638660 37059
1264715360 37171
1265237920 37283
1265297506 37376
1265830384 37283
1265830882 39251
1265831164 39253
1266007124 40107
1266026947 40111
1266106107 40094
1266186433 40091
1266206587 31754
1266266215 31754
1266427321 31573
1266450943 31601
1266703199 31993
1266788521 32554
1266962499 32714
1267134927 32758
1267200583 32758
1267369232 32758
1267751607 32764
1267757709 32767
1274228816 32802
1274831907 33076
1274832326 33339
1274969463 34145
1275516606 34953
1276211430 35078
1276554873 35078
1276626392 35089
1276706134 35899
1276830864 35975
1277084024 35899
1277140286 36192
1277145694 36195
1277178337 36195
1277224095 36205
1277229540 36205
1277333491 36214
1277395671 36214
1277511796 36214
1277567265 36216
1278114209 36217
1278224106 36208
1278605696 36274
1278612434 37081
1278641510 37161
1278689388 37153
1279122871 37153
1279501324 37174
1279501727 38861
1279501837 38867
1279501944 38880
1279502326 38905
1279893519 39105
1280166005 39173
1280166107 39174
1280166291 39242
1280240462 39314
1280263435 44512
1280263601 44508
1280511065 44508
1280511099 44508
1280511317 44498
1280511366 44561
1280585681 44544
1280607125 44559
1280886694 44606
1281455858 44608
1281456083 44616
1281456181 44632
1281619257 44624
1281619382 44653
1281619580 44660
1281619702 44660
1281666226 44753
1281904081 44759
1281913565 45239
1281913769 45256
1281991837 45259
1281991906 45259
1281991956 45263
1281992029 45305
1281992087 45317
1281992154 45310
1282956570 45374
1282956640 45424
1282956712 45747
1282956877 45766
1282956919 45766
1282956950 45768
1283449351 45768
1283814327 45871
1283824287 45943
1284056813 46026
1284160707 46027
1284389191 46026
1284562061 46088
1284604269 46142
1284938943 46154
1285253803 46157
1285262092 46164
1285265210 46188
1285265751 46188
1285871303 46245
1285946709 46247
1286302457 47096
1286335650 47127
1286414416 47177
1286661578 47318
1286824509 47448
1287089176 47450
1287512238 47523
1287521030 47508
1287592535 47537
1287760992 47561
1287883939 47607
1288830290 47611
1289257534 47703
1289340643 47735
1289407551 47736
1289916264 47747
1290045096 47744
1290372528 47798
1290402402 47803
1290443653 48227
1290542494 48442
1290959811 48530
1291213249 48700
1291679911 48859
1291856804 48898
1292187822 48922
1292268539 48922
1292517407 49096
1292523887 49099
1292532484 49570
1292621027 49099
1292859408 49098
1295380006 49173
1295473820 49257
1295547001 49284
1295550730 49288
1295551131 49288
1295551252 49287
1295553466 49287
1295558411 49287
1295558519 49287
1295558553 49288
1295558947 49289
1295625168 49292
1295639996 49292
1295640572 49293
1295640860 49295
1295730247 49295
1295770089 49308
1295885605 49308
1295909256 49308
1295915141 49313
1295965753 49321
1296491162 49322
1296739281 49322
1297023002 49326
1297383862 49328
1297704334 49298
1297880291 49310
1297885384 49302
1297988528 49302
1298040540 49322
1298043564 49320
1298300218 49245
1298340009 49320
1298419707 49247
1298488340 49247
1298619643 49245
1298678395 49242
1298865202 49245
1299096229 49255
1299187505 49255
1299342374 49261
1299772079 49261
1299772112 49658
1299779929 49298
1299785539 49318
1300037739 49480
1300050928 49580
1300050934 49595
1300050944 49605
1300050957 49606
1300050959 49637
1300108506 49649
1300304524 49658
1300660359 49689
1300705865 49666
1300918870 49666
1300918882 49665
1300919229 49665
1300919330 49668
1301055823 49667
1301412736 59242
1301672015 49668
1302046446 49686
1302317414 49689
1302321572 49701
1302629504 49821
1302632532 50151
1302643635 50153
1302643891 50163
1302704190 50253
1302719422 50164
1302727102 50167
1302772672 50228
1302882099 50190
1302883430 50193
1302883790 50219
1303152793 50221
1303173650 50252
1303315411 50228
1303325143 50292
1303337281 50292
1304013717 50292
1304257136 50301
1304257171 50298
1304257280 50298
1304257309 50298
1304267620 50299
1304435773 50311
1304436297 50311
1304436465 50239
1304449361 50237
1304607057 50006
1304608634 50006
1304681072 50009
1304681624 50010
1304683490 49456
1304959051 49457
1304959349 49461
1304962270 49462
1304964234 49462
1304964264 49465
1304965601 49465
1304967256 49483
1305162996 49484
1305235885 49518
1305236202 49516
1305236773 49501
1305391722 49503
1305392945 49503
1305443464 49633
1305479630 49633
1305610591 49633
1305610695 50529
1305647646 50529
1305740152 50531
1305740182 50663
1305740203 50872
1305740231 51048
1305938924 51048
1305939291 51055
1306279208 52136
1306279238 52271
1306279283 52484
1306279305 52484
1306279875 52484
1306280461 53503
1306282278 53710
1306351876 53710
1306441558 53710
1306441959 54689
1306442031 53713
1306442675 53714
1306442681 53714
1306444139 54689
1306445700 54703
1307024257 54744
1307024569 54744
1307284205 54759
1307284247 54759
1307284269 54761
1307284378 54770
1307284741 54770
1307298494 54770
1307384259 54775
1307471915 54774
1307646667 54772
1307684545 54775
1307686033 54775
1307686496 54804
1307777236 55782
1307811482 55781
1307834233 55871
1308040360 55871
1308040384 55871
1308041451 55873
1308042357 55892
1308261158 55899
1308443785 56109
1308448205 56109
1308538988 55739
1308539064 55744
1308593458 55750
1308890610 55759
1308928642 55775
1309082679 55768
1309097516 59043
1309206644 55848
1309294028 55848
1309342669 59045
1309342698 59046
1309343601 59062
1309356784 56824
1309359134 56879
1309470715 56880
1309557108 56886
1309557483 56888
1309563093 56904
1309563208 56907
1309563289 56913
1309567104 56923
1309574345 56941
1309633449 56945
1309639567 56974
1309640111 56974
1309640265 56974
1309706439 56975
1309805108 59906
1309822458 57284
1309832770 57277
1309885826 57261
1309891933 57266
1310146609 57261
1310146704 57261
1310231353 57263
1310523012 58691
1310523501 58698
1310523532 58698
1310524470 58721
1310524693 58716
1310527358 58714
1310533669 58715
1310534366 58715
1310534509 58720
1310555656 58720
1310572437 58723
1310572549 58724
1310606539 58727
1310606995 58730
1310607416 58730
1310646549 58746
1310661470 58746
1310701402 58852
1310789494 58855
1310950268 58855
1310950360 58963
1311300338 58964
1311520113 58972
1311547118 59014
1311695208 59015
1311702180 59022
1311707755 59022
1311797447 59022
1312074865 59047
1312135238 59061
1312135291 59100
1312135673 59126
1312156616 59022
1312231303 59022
1312299263 59126
1312483206 59023
1312483244 59024
1312483635 59024
1312485725 59027
1312733885 59131
1312827400 59036
1312907897 59131
1313031674 59131
1313031697 59131
1313084069 59160
1313177952 59161
1313196758 59120
1313503839 59161
1314196658 59350
1314398482 59486
1314807416 59499
1314807810 59395
1314808061 59685
1314808362 59729
1314811485 59672
1314811694 59672
1314813641 59677
1314885494 59679
1314892327 59829
1314903689 59849
1314906279 59851
1314916818 59848
1314936022 59872
1314975705 59875
1314979201 59875
1314979302 59889
1314980725 59859
1314982570 59861
1314983540 59861
1314984688 59878
1315278115 59877
1315278155 59892
1315311929 59896
1315311983 59898
1315329622 59900
1315331247 59900
1315335056 60984
1315335522 60986
1315340394 60984
1315340424 60984
1315405784 60990
1315575277 60989
1315593946 60990
1315593964 60989
1315696063 61523
1315791900 60987
1315945269 61096
1316012616 61096
1316276694 61205
1316459955 61211
1316544422 61211
1316710082 61211
1316724348 61433
1316724632 61433
1316724882 61463
1316791102 61544
1316800585 61574
1316803041 77802
1317042311 77549
1317042376 77732
1317042779 77802
1317043273 77809
1317045844 62893
1317050101 62902
1317051643 62781
1317057363 62782
1317136797 62782
1317181626 62795
1317227245 62834
1317308242 62834
1317314351 62816
1317318640 62996
1317323163 63004
1317384266 63338
1317495471 63421
1317495624 63688
1317661831 63688
1317703356 64022
1317739086 63688
1317739260 64021
1317824572 64024
1317824876 64025
1317825490 58036
1317825667 58018
1317827368 57901
1317828488 57914
1317829104 57980
1317839629 57980
1317842374 57981
1317874437 53892
1317897090 236931
1317912890 57980
1317928267 57980
1317934941 54144
1317997043 54144
1317998816 54159
1317999741 57980
1318012536 57980
1318109361 46528
1318109387 46529
1318181770 46561
1318229181 237005
1318259612 46569
1318260028 46590
1318260053 49098
1318260351 49100
1318262850 53881
1318262885 54136
1318274055 54136
1318276267 54138
1318276994 49099
1318280267 49098
1318604817 54132
1318606717 54147
1318692790 49432
1318799266 54065
1318824562 54161
1318865385 54065
1319318463 54094
1319357324 54095
1319361639 54094
1319467418 54068
1319480903 54108
1319480972 54113
1319480997 54116
1319484474 54069
1319546966 54132
1319558948 53962
1319560029 53993
1319870059 237001
1319881477 53884
1319901949 53887
1319922598 53852
1320079321 53851
1320184773 53915
1320332817 54988
1320416575 54915
1320420605 54928
1320437742 57229
1320677403 57251
1320690697 62952
1320734100 59576
1320758518 59579
1320760288 61249
1320778916 61260
1320824381 61331
1320824436 61394
1320938866 62955
1320939024 63025
1320948100 63048
1321170329 63048
1321282617 63053
1321282666 63001
1321367923 63158
1321368449 63158
1321393692 63165
1321556485 63197
1321557692 63204
1321803541 63177
1321805520 63179
1321822272 63179
1321866444 63191
1321896034 63191
1321900689 63191
1321902802 63190
1321903646 63183
1321903902 63185
1321903917 65024
1321903994 65049
1321904279 65049
1321904327 65050
1321919021 236999
1321963249 67391
1321963267 67395
1322136275 67441
1322138190 72122
1322138432 72122
1322162401 72122
1322423610 72133
1322702893 72133
1322703054 72119
1322772122 72335
1322773319 72333
1322838581 72364
1323100380 72366
1323100395 72374
1323118222 80676
1323467014 72374
1323718368 72387
1323718397 72387
1323719598 72346
1323719794 77019
1323720196 77088
1323790136 77077
1323809786 77118
1324056719 77118
1324071444 77118
1324073625 76552
1324073728 76588
1324073972 76594
1324307550 76596
1324308316 76622
1324308374 76629
1324308445 76896
1324318853 76898
1324325662 76904
1324326180 76909
1324399942 76866
1324400155 76876
1324400673 76876
1324410173 77039
1324410211 78194
1324415358 78202
1324417979 78286
1324503199 78202
1324582546 78200
1324587104 78202
1324637428 78629
1324639261 78708
1324641211 78708
1324653297 80636
1324678390 78707
1324820709 78711
1324825681 78711
1324827125 78719
1325022116 78753
1325022149 78753
1325552649 78760
1325603662 78801
1325604144 78817
1325604200 78820
1325606078 78820
1325607424 78820
1325611016 78887
1325611494 78885
1325716281 79416
1325731252 79696
1325770643 78917
1325945986 79412
1326124738 79421
1326124758 79424
1326148766 79423
1326225115 79425
1326230631 79600
1326244680 79887
1326246355 79877
1326378685 79619
1326382401 79862
1326405344 79381
1326416567 79380
1326467165 79419
1326643793 79865
1326750343 79941
1326762755 79943
1326789316 79942
1326911804 79980
1327000481 79949
1327000946 79949
1327001029 79962
1327001565 79962
1327005949 81064
1327338274 79965
1327342174 79977
1327342489 79979
1327342543 80000
1327349819 80004
1327352286 80011
1327497680 80012
1327499024 80014
1327600802 80220
1327763781 80637
1328030366 80651
1328049385 80696
1328120655 80691
1328123653 80714
1328137683 80716
1328440516 80717
1328538755 81068
1328538920 104889
1328549869 105081
1328554511 105181
1328556957 105182
1328557859 104875
1328559030 104884
1328561280 104903
1328623496 104959
1328631729 105182
1328632110 105181
1328635414 105210
1328645788 105191
1328893459 105195
1328895081 105196
1328980320 105196
1329001325 105196
1329002042 105216
1329040158 105232
1329047600 105233
1329054754 105356
1329322114 105356
1329391826 105368
1329391874 105372
1329392051 105375
1329393059 105382
1329486021 105382
1329486366 105382
1329498041 105382
1329503415 105417
1329504042 105429
1329504481 105446
1329504640 105456
1329512047 105455
1329557636 105460
1329569818 105461
1329671140 105461
1329672131 105461
1329679832 105463
1329703486 105466
1329704479 105515
1329707798 105515
1329715460 105515
1329756949 105516
1329757001 105513
1329759153 105513
1329925271 105576
1329925484 105576
1329925934 105576
1329926438 105569
1329926599 105572
1329926804 105560
1329927908 105562
1329927979 105567
1329998888 105577
1330018886 105584
1330022010 105585
1330156310 105590
1330193677 105597
1330269238 105597
1330324045 105595
1330360205 105639
1330360880 105639
1330375647 105646
1330376888 105651
1330432423 105651
1330447514 105628
1330447724 105784
1330528458 105887
1330550239 105887
1330567496 105890
1330796501 105912
1330987530 105912
1331516460 105914
1331558455 112549
1331590896 105961
1331645497 105961
1331707182 105962
1331846911 105962
1331913583 105955
1331921023 105957
1331921125 112507
1331922773 112508
1331924937 112508
1331975106 112508
1332126669 112544
1332144523 112545
1332159188 112544
1332258096 112543
1332278792 112550
1332314338 110650
1332316790 110650
1332332127 110652
1332341149 110652
1332352208 110667
1332357388 110672
1332357897 110673
1332359158 110657
1332420697 110639
1332422264 110643
1332422341 111574
1332433091 111574
1332433136 111671
1332440042 111681
1332696751 111681
1332722874 111682
1332729063 111631
1332729892 111694
1332784728 111699
1332786746 111691
1332790292 111709
1332790453 111713
1332790660 111713
1332790926 111713
1333028881 114650
1333041222 114651
1333043902 114651
1333048264 114650
1333375406 114650
1333375584 114650
1333375641 114650
1333375668 114650
1333375694 114659
1333376362 114658
1333390931 114658
1333424144 114658
1333465753 114666
1333478133 114700
1333539369 114714
1333540987 114662
1333605154 114662
1333631825 114670
1333636380 114677
1333636434 114510
1333636459 114508
1333636485 114463
1333636583 114453
1333656136 114445
1333669280 114449
1333678863 114449
1333710674 114459
1333736544 114462
1333982519 114473
1334003117 114569
1334054469 114571
1334088887 114583
1334089872 114745
1334103689 114746
1334165744 114751
1334167248 114742
1334167586 114742
1334181744 114706
1334210538 114752
1334243686 114752
1334251440 114730
1334255916 114743
1334256618 114752
1334258451 114760
1334280135 114760
1334301406 114761
1334384843 114761
1334386070 114952
1334418643 114946
1334421150 114946
1334503882 114951
1334506946 114960
1334507129 114972
1334515155 115015
1334562937 115012
1334580099 115014
1334677877 115061
1334679406 115061
1334679829 115070
1334680200 115074
1334680311 115074
1334682753 115016
1334685356 115016
1334685869 115006
1334685902 115006
1334686368 115034
1334687867 115035
1334697811 115037
1334698406 115039
1334835184 115051
1334942325 115054
1335046409 115056
1335051401 115309
1335051811 115301
1335052022 115317
1335052172 115341
1335131763 115346
1335242009 115356
1335442857 115380
1335449915 115380
1335453644 115389
1335479156 115387
1335479775 115386
1335479793 115386
1335479832 115386
1335536073 115382
1335538334 115382
1335541991 115382
1335545149 115382
1335699282 115380
1335699327 115380
1335747415 115390
1335805590 115383
1335886150 115390
1335891158 115388
1335891900 115380
1335901136 115380
1335909761 115384
1335941822 115384
1336052836 115383
1336185703 115416
1336201126 115385
1336201295 115387
1336201330 115387
1336201897 115388
1336203807 115410
1336210476 115410
1336211984 115410
1336213871 115410
1336216924 115416
1336246486 115418
1336281837 115440
1336285855 115441
1336340948 115448
1336342762 115448
1336348711 115460
1336354542 115490
1336419386 115489
1336504922 115489
1336505209 116243
1336505847 116312
1336508351 116403
1336510227 116403
1336515488 116400
1336516312 116574
1336520597 116949
1336525348 116949
1336526315 116949
1336542244 116949
1336545250 116964
1336547670 116964
1336560902 116966
1336561607 117106
1336561644 117104
1336575027 117104
1336575265 117092
1336575553 117092
1336577624 117200
1336577640 117197
1336581512 117223
1336586213 117223
1336628513 117238
1336628578 117238
1336718856 117238
1336719141 117239
1336719204 117239
1336719293 117293
1336719334 117293
1336728137 117373
1336729398 117373
1336729422 117375
1336735105 117376
1336743350 117378
1336743604 117379
1336747988 117380
1336750187 117381
1336755428 117444
1336784749 117551
1336785836 117779
1336794057 117779
1336804204 117780
1336808926 117779
1336816079 117779
1336819462 117837
1336834977 117837
1336835984 117838
1336856581 117821
1336862037 117818
1336865678 117821
1336874136 117832
1336874371 117834
1336893414 117834
1336894826 117831
1336895120 117831
1336902805 117852
1336905400 117853
1336911113 117856
1336914081 117859
1336914711 117862
1336924523 127655
1336925415 117863
1336934907 117864
1336937975 117918
1336938152 117918
1336939460 117918
1336945849 117918
1336994068 117930
1337012523 117946
1337018704 117956
1337019076 118235
1337047168 118226
1337059100 118225
1337062538 118231
1337134405 118233
1337146053 118473
1337196974 118474
1337208528 127526
1337269593 127577
1337269674 127556
1337269756 127565
1337272452 127562
1337276102 127562
1337278482 127562
1337279349 127562
1337279567 127563
1337279888 127568
1337289203 127620
1337295218 127621
1337300064 127620
1337300461 127622
1337301415 127624
1337330131 127660
1337354800 127639
1337394224 128259
1337424489 127639
1337431550 127638
1337431728 127638
1337441667 127634
1337455999 127635
1337502618 127591
1337502738 127594
1337502846 127594
1337504004 127895
1337542003 127893
1337542070 127894
1337618430 127899
1337618511 127899
1337619264 127909
1337619866 127932
1337698422 127931
1337699146 128189
1337699670 128189
1337707983 128188
1337715184 128185
1337720086 128195
1337722789 128224
1337723100 128251
1337724816 128257
1337744015 128259
1337823926 128260
1337829059 128261
1337829607 128257
1337875071 128277
1337876044 128313
1337876099 128312
1337876330 128312
1337880548 128328
1337895129 128548
1337960254 128648
1337962036 128765
1337968724 128696
1338022517 128697
1338052647 128876
1338172007 128879
1338241915 128879
1338411621 128878
1338460722 128904
1338494476 146451
1338494707 128904
1338494971 128891
1338629539 128930
1338629621 128955
1338629748 129018
1338826474 129018
1338826545 129009
1338833719 129082
1338903949 129083
1338920005 129083
1339165339 129094
1339165587 129093
1339165774 129093
1339270815 129095
1339479021 129094
1339490972 129089
1339497786 129089
1339499989 129089
1339546114 129091
1339567711 129097
1339570574 129089
1339598244 129390
1339604590 129425
1339604679 144512
1339637795 144866
1339652978 144860
1339654342 144869
1339654626 144887
1339659671 144893
1339678353 144893
1339692490 144894
1339721044 144927
1339961075 144937
1339961180 144946
1339961366 144973
1339978028 144973
1340027091 144973
1340030920 145112
1340044172 145112
1340044756 145188
1340065329 145185
1340109441 145185
1340135309 145618
1340135412 145185
1340170443 145193
1340199999 145132
1340208796 145132
1340308265 145132
1340312742 145705
1340313917 145132
1340379528 145135
1340384359 145162
1340385211 145173
1340404602 145757
1340503375 145172
1340504473 145620
1340548682 145621
1340550237 146385
1340554203 145621
1340571890 145701
1340632199 145619
1340661850 145599
1340793341 145600
1340793453 145613
1340808518 145744
1340808568 145741
1340809617 145741
1340813219 145745
1340815399 146467
1340819511 146485
1340891565 145745
1340901152 145748
1340901251 145759
1340904682 145759
1340911475 145759
1340911548 145759
1340975733 145759
1341011925 145759
1341016442 145858
1341046589 145858
1341066332 145858
1341069268 146385
1341069784 146390
1341079887 146390
1341114026 145858
1341191854 145856
1341370206 145859
1341370268 145860
1341371316 145929
1341413204 145929
1341416051 145937
1341508015 146449
1341509152 146450
1341520692 146457
1341526695 146453
1341527322 146462
1341661023 146526
1341661490 146518
1341661563 146581
1341662344 146697
1341670793 146697
1341672111 146697
1341735572 146727
1341782528 146394
1341846218 146737
1341923911 146742
1342006796 146272
1342007543 146272
1342008840 146272
1342018530 146272
1342050978 146266
1342070229 146289
1342102628 146267
1342117352 147406
1342136784 146280
1342180360 146275
1342182958 146311
1342190969 146311
1342256811 146314
1342257060 146314
1342257145 146313
1342486646 146396
1342488237 146401
1342505965 146411
1342511652 146447
1342515930 146447
1342540951 146448
1342541173 146469
1342571583 146469
1342591223 146473
1342603900 146473
1342617232 146473
1342621489 146474
1342629906 146474
1342697803 146474
1342879165 146474
1342999121 146474
1343021475 146474
1343239800 146474
1343239885 146476
1343268589 146476
1343268901 146476
1343269393 147030
1343325321 147048
1343325327 147323
1343330999 147421
1343337620 147421
1343387283 147425
1343393659 147424
1343462743 147423
1343837217 147424
1343837280 147424
1343839310 147425
1343840925 147427
1343843655 147498
1343843777 147498
1343843807 147498
1343846966 147515
1343891725 147517
1343935631 151002
1343943405 151002
1344365858 151002
1344387546 151006
1344516963 151011
1344526338 151052
1344800139 151052
1344838876 151052
1344878493 151127
1344916877 151139
1344917859 151150
1345206408 151150
1345218311 151152
1345218954 151178
1345221755 151180
1345228183 151181
1345280707 151184
1345306511 151184
1345472494 151217
1345492621 151259
1345492790 151263
1345531785 151302
1345556450 151308
1345558071 151308
1345563861 151378
1345564727 151380
1345564764 151383
1345566133 151388
1345571904 151799
1345635159 151802
1345637369 152911
1345644903 152917
1345657778 152918
1345725287 152918
1345729262 152917
1345750730 153293
1345752194 153293
1345756655 153340
1345764705 153317
1345790691 153306
1345794384 153492
1345808337 153739
1345882901 153745
1345907124 153745
1345907159 153748
1345907651 153758
1346082338 153775
1346082776 153740
1346085455 153740
1346085553 153775
1346090966 153775
1346094400 153788
1346095524 153791
1346104463 153805
1346175715 153805
1346175803 153805
1346185690 153908
1346190753 153805
1346201018 153805
1346221846 153802
1346262617 153811
1346262646 153811
1346262721 153810
1346263091 153815
1346263341 153826
1346347232 153827
1346350031 153829
1346370297 153830
1346478623 153919
1346483400 153912
1346527813 153916
1346591950 153916
1346629678 153922
1346684418 153919
1346685096 153919
1346773985 153880
1346774345 153879
1346774402 153877
1346775047 153879
1346775848 153879
1346809226 153885
1346827117 153885
1346827155 153884
1346851975 153884
1346859518 153966
1346861377 153979
1346861758 153979
1346882077 153982
1346963228 154014
1346963259 154014
1346963399 154014
1346999422 154018
1346999683 154018
1347027178 154041
1347027203 154041
1347029048 154042
1347081319 154205
1347174243 154211
1347181080 154211
1347214804 154159
1347389729 154164
1347459646 154167
1347472960 154182
1347473242 154182
1347703800 154182
1347980302 154182
1347980371 154206
1347982384 154115
1347982699 154126
1347985201 154132
1347995278 154132
1347996271 154132
1348010560 154195
1348126951 154185
1348151293 154183
1348207372 154203
1348207732 154147
1348229726 154147
1348232667 154147
1348257571 154147
1348284014 244302
1348284154 244309
1348295876 154147
1348305666 154147
1348309786 154147
1348403724 154147
1348404582 154152
1348562122 154152
1348562498 154153
1348566754 154157
1348566792 154157
1348568197 154157
1348606420 154170
1348638989 154213
1348711821 154213
1348811307 154235
1348844625 154240
1348877116 154210
1348905385 154174
1348905495 154174
1348905509 154174
1348905655 154173
1348910626 154178
1349001825 154178
1349068036 154178
1349104958 155199
1349124048 155199
1349124684 155208
1349124762 155218
1349340565 155266
1349396273 155313
1349414924 155316
1349461449 155316
1349618586 155344
1349731097 155348
1349734345 155365
1349734455 155348
1349734558 155349
1349760504 155349
1349799018 155355
1349799266 155672
1349800080 155671
1349800655 155671
1349803329 155718
1349941191 155619
1349941208 155619
1349941220 155599
1349941293 155564
1349941367 155568
1350005327 155568
1350079787 155562
1350226341 155558
1350240476 155562
1350755764 155745
1350765396 155788
1350769773 183695
1350770023 183694
1350770785 183696
1350814345 183696
1350828601 183696
1350847349 183693
1350848161 183692
1350861604 183692
1350952756 183731
1351024907 183661
1351030104 183730
1351070154 183730
1351152439 183732
1351160495 183732
1351168671 183732
1351169575 183776
1351170730 183773
1351189851 183774
1351190039 183781
1351190482 183659
1351190831 183661
1351506529 183655
1351540135 183656
1351540186 183813
1351540768 183932
1351545115 183932
1351630391 183933
1351664375 183938
1351754795 183967
1351816614 183970
1351968647 183983
1351968673 183979
1352100897 183967
1352413057 183980
1352499050 183934
1352500465 183979
1352501430 184236
1352502597 184236
1352504217 184238
1352547995 184237
1352548031 184234
1352568572 184231
1352581637 184233
1352584020 184261
1352629390 184260
1352632612 184257
1352632829 184257
1352787968 184257
1352792026 184274
1352960656 184273
1353019746 184279
1353022620 184279
1353032335 184279
1353032435 184277
1353032570 184279
1353033080 184286
1353034027 184297
1353047472 184298
1353059801 184298
1353082181 184302
1353115744 184360
1353142820 184360
1353531760 184365
1353578922 184369
1353619983 184369
1353794052 184378
1353794100 184358
1354048458 184425
1354049377 184425
1354088510 184426
1354319765 184456
1354321019 184457
1354324207 184482
1354528398 184497
1354538598 184495
1354576291 184495
1354634284 184507
1354646541 184523
1354744863 184510
1354745717 184512
1354779006 184513
1354786536 184517
1354916004 184521
1355332244 184527
1355332296 184524
1355332492 184552
1355332543 184674
1355332680 184684
1355332766 184684
1355332846 184694
1355332996 184787
1355333035 184787
1355333255 184851
1355333484 184855
1355333664 184863
1355337746 184864
1355375860 184864
1355438397 184864
1355438422 184865
1355853210 184867
1356047622 184881
1356100253 184882
1356918414 184882
1356995168 184882
1357068118 184882
1357072108 184882
1357087708 184882
1357399916 184914
1357400165 184991
1357400702 184985
1357401391 184985
1357478470 184985
1357478554 184999
1357478581 185009
1357486003 185008
1357852191 185023
1357914450 185127
1357924634 185121
1358103222 185121
1358191921 185145
1358192208 185160
1358192232 185187
1358192479 185168
1358193488 185174
1358193906 185177
1358193967 185179
1358196582 185181
1358288849 185181
1358367809 185224
1358445848 186477
1358470738 186778
1358476977 186779
1358605716 186779
1358605774 186785
1358605960 186816
1358714177 186816
1358791666 186809
1358805195 186979
1358805511 186980
1358814634 186989
1358952497 186991
1358952537 187007
1358953224 187011
1358953735 187012
1358962141 187011
1358980411 187014
1359044780 188056
1359147352 188143
1359205358 202897
1359225772 202897
1359228468 202896
1359231219 203204
1359388618 203207
1359400143 203368
1359511650 203366
1359511692 203356
1359515876 203397
1359516275 203388
1359517064 203448
1359572571 203448
1359578291 203467
1359585435 203470
1359588330 203472
1359588364 203473
1359705847 203483
1359739782 203560
1359753095 203560
1359989000 203575
1359989463 203580
1360027700 203583
1360077147 203593
1360077306 203609
1360171056 203614
1360173748 203618
1360184332 203618
1360184803 203639
1360517251 203639
1360558907 203645
1360558932 203704
1360627284 203704
1361029010 203710
1361037584 203691
1361226680 203759
1361226713 203766
1361230665 203766
1361379433 203766
1361551283 203767
1361551624 203779
1361551665 203786
1361551732 203952
1361551812 203952
1361552258 204050
1361552376 204116
1361552413 204168
1361552490 204178
1361692051 204246
1361692347 204242
1361892637 204246
1362147066 204246
1363043263 204246
1363043302 204250
1363043811 204385
1363367434 204470
1363373013 204474
1363548917 204475
1363572119 204475
1363586317 204456
1363712094 204456
1363712150 204456
1363712277 204455
1363712378 204507
1363712465 204528
1363728022 204526
1363968617 204526
1364546381 204535
1364546432 204569
1364546759 204569
1364547240 205440
1364551003 205440
1364568596 205657
1364569398 205233
1364702722 205420
1364703549 205419
1364708949 205418
1364709103 205421
1364718039 205395
1364827398 205396
1364827443 205403
1364827511 205408
1364906484 205408
1364913115 205526
1364913275 205527
1364918217 205527
1364922031 205566
1364959844 205566
1365006267 205466
1365006378 205466
1365038630 205467
1365038700 205186
1365038756 205186
1365039095 205295
1365093918 205296
1365099043 205297
1365149949 205359
1365150255 205353
1365154461 205354
1365154644 205356
1365185166 205356
1365186246 205351
1365210923 205348
1365237907 205348
1365340383 231675
1365371059 231682
1365411021 231682
1365428278 231682
1365434466 231668
1365434678 231558
1365434701 231531
1365445622 231531
1365469383 231535
1365472977 231532
1365529866 231589
1365530132 231589
1365530236 231579
1365530279 231579
1365530369 231587
1365539367 231589
1365624056 231484
1365656247 231480
1365688186 231489
1365729734 231874
1365765161 231876
1365787676 231888
1365856770 231889
1365856830 231892
1365966050 231892
1365986449 231892
1366047327 231893
1366233659 231893
1366233694 231899
1366268721 231996
1366289682 231993
1366300789 231999
1366392577 232007
1366647246 232019
1366734432 232019
1366734450 232017
1366817979 232018
1366818486 232062
1366931452 230412
1366977606 230413
1366985435 230416
1367053640 230416
1367053688 230411
1367053723 230618
1367054154 230631
1367071400 230633
1367161253 230629
1367256453 230630
1367258044 230630
1367267113 230676
1367278585 230676
1367278611 230669
1367348947 230669
1367522815 230674
1367581923 230677
1367592300 230619
1367603054 230618
1367604031 230640
1367615326 230644
1367616767 230649
1367616782 230657
1367617098 230492
1367617162 230503
1367619161 230518
1367619453 230525
1367671278 231327
1367678595 231330
1367687739 231410
1367817527 231410
1367914347 231211
1367941041 231245
1367942315 231254
1368054167 231255
1368148769 231258
1368192927 232743
1368193076 232724
1368193833 232719
1368355369 237135
1368674039 236933
1368782580 236925
1368788225 236971
1368788618 237001
1368830277 237143
1368845422 237141
1368860871 237135
1368862029 237141
1368862517 236902
1368863908 236903
1368866809 236909
1368870053 236886
1368870395 237133
1368870644 239654
1368923943 236902
1368989627 233614
1369056341 233658
1369195365 233673
1369213033 237136
1369234303 233674
1369240729 233674
1369243457 233664
1369250565 236603
1369254218 236603
1369256491 236606
1369257617 236605
1369369304 239656
1369387196 236925
1369424464 236613
1369424760 236613
1369425172 236614
1369426056 236614
1369426304 236614
1369496905 236616
1369921901 241490
1370339975 236903
1370582610 240895
1370678603 244121
1371203138 240269
1371540986 239537
1371655969 241459
1371657182 241479
1371966534 236898
1372026208 236629
1372168679 236626
1372170444 236640
1372187203 244121
1372863749 241459
1373107151 236640
1373150542 236903
1373152144 236909
1373172805 237131
1373179265 239537
1373262127 239537
1373344492 239504
1373355756 239537
1373713504 244153
1373926422 244149
1374119113 239854
1374120961 240229
1374121172 240229
1374442706 240229
1374651009 240530
1375012055 240254
1375125862 240271
1375223024 240271
1375274749 241493
1375396693 240539
1375404442 240538
1375420484 240272
1375444383 244131
1375689527 240268
1375783908 240277
1375955937 240303
1376026849 240539
1376319783 244099
1376882466 240537
1376973961 240293
1376994296 240539
1377000209 212690
1377045702 240538
1377080451 240545
1377102632 240551
1377150348 240511
1377168498 240551
1377318826 241500
1377319517 241501
1377379333 240557
1377403202 241533
1377476183 241501
1377482577 241533
1377483366 240554
1377729706 244630
1377782074 240716
1378135647 244121
1378428871 244274
1378624647 240521
1378717871 240556
1378957593 240511
1379065462 240511
1379095584 240520
1379151852 244286
1379171970 240823
1379301246 240523
1379387587 240524
1379469869 244231
1379541696 244279
1379976480 244907
1380181988 244288
1380613496 240526
1380613636 244286
1380637602 240532
1380726951 241537
1380727150 241541
1380805413 244286
1380890805 240530
1380971750 244288
1381454384 240873
1381815020 244289
1382375352 240530
1382503591 240878
1382533948 244313
1382537989 244312
1382594333 244102
1382604736 244359
1382687573 244128
1382735608 244117
1382769663 240554
1382779281 240880
1382840705 244271
1383009387 244361
1383182187 240878
1383312021 240895
1383334062 244140
1383375942 241435
1383377376 241541
1383378054 241448
1383578443 244604
1383960645 240917
1383960671 240917
1383976089 244232
1384154018 241213
1384174039 244604
1384264483 241603
1384282008 241200
1385211503 244123
1385425463 244138
1385426894 244128
1385466741 244149
1385511041 244134
1385513134 244271
1385681606 244236
1385690409 244231
1385960476 244208
1386012824 244610
1386048106 244231
1386141477 244131
1386167423 244138
1386168051 244134
1386289600 244610
1386293363 244238
1386319374 244271
1386407372 244286
1386734286 244610
1386839547 244627
1387146027 244271
1387155212 244279
1387210659 244610
1387255033 244279
1387779416 244612
1387981991 244264
1388615270 244283
1388835519 244279
1389062510 244264
1389317386 244278
1389317933 244278
1389357573 244277
1390476714 244610
1390791015 244627
1390815082 244614
1390898290 244612
1392031413 244932
1392119373 244620
1392183692 244627
1392230587 244806
1392231045 244610
1392457086 244856
1392459223 244277
1392996709 244901
1394937205 244277
1395625730 244806
1395894523 244901
1395894731 244901
1396011844 244934
1396300872 244278
1396598324 244274
1396598625 244935
1397034393 244873
1397042421 244873
1397868581 244873
1397890516 244870
1397907809 244882
1398199044 244882
1402692581 244884
1402692625 244883
1402694936 244884
1402695381 244887
