1374881637 1 0 0 0 0 0 0 0 0 0 0 0 0 0 0 0 0 0 0 0
1374994698 2 0 0 0 0 0 0 0 0 0 0 0 0 0 0 0 0 0 0 0
1375024633 3 0 0 0 0 0 0 0 0 0 0 0 0 0 0 0 0 0 0 0
1375024660 4 0 0 0 0 0 0 0 0 0 0 0 0 0 0 0 0 0 0 0
1375050500 5 0 0 0 0 0 0 0 0 0 0 0 0 0 0 0 0 0 0 0
1375052350 6 0 0 0 0 0 0 0 0 0 0 0 0 0 0 0 0 0 0 0
1375056812 7 0 0 0 0 0 0 0 0 0 0 0 0 0 0 0 0 0 0 0
1375057078 8 0 0 0 0 0 0 0 0 0 0 0 0 0 0 0 0 0 0 0
1375062393 9 0 0 0 0 0 0 0 0 0 0 0 0 0 0 0 0 0 0 0
1375064122 10 0 0 0 0 0 0 0 0 0 0 0 0 0 0 0 0 0 0 0
1375065037 11 0 0 0 0 0 0 0 0 0 0 0 0 0 0 0 0 0 0 0
1375069015 12 0 0 0 0 0 0 0 0 0 0 0 0 0 0 0 0 0 0 0
1375069054 13 0 0 0 0 0 0 0 0 0 0 0 0 0 0 0 0 0 0 0
1375071958 14 0 0 0 0 0 0 0 0 0 0 0 0 0 0 0 0 0 0 0
1375074512 15 0 0 0 0 0 0 0 0 0 0 0 0 0 0 0 0 0 0 0
1375108731 16 0 0 0 0 0 0 0 0 0 0 0 0 0 0 0 0 0 0 0
1375148494 17 0 0 0 0 0 0 0 0 0 0 0 0 0 0 0 0 0 0 0
1375148646 18 0 0 0 0 0 0 0 0 0 0 0 0 0 0 0 0 0 0 0
1375154099 19 0 0 0 0 0 0 0 0 0 0 0 0 0 0 0 0 0 0 0
1375157133 20 0 0 0 0 0 0 0 0 0 0 0 0 0 0 0 0 0 0 0
1375160724 21 0 0 0 0 0 0 0 0 0 0 0 0 0 0 0 0 0 0 0
1375163733 22 0 0 0 0 0 0 0 0 0 0 0 0 0 0 0 0 0 0 0
1375202064 23 0 0 0 0 0 0 0 0 0 0 0 0 0 0 0 0 0 0 0
1375211043 24 0 0 0 0 0 0 0 0 0 0 0 0 0 0 0 0 0 0 0
1375226444 25 0 0 0 0 0 0 0 0 0 0 0 0 0 0 0 0 0 0 0
1375232274 26 0 0 0 0 0 0 0 0 0 0 0 0 0 0 0 0 0 0 0
1375246026 27 0 0 0 0 0 0 0 0 0 0 0 0 0 0 0 0 0 0 0
1375291076 28 0 0 0 0 0 0 0 0 0 0 0 0 0 0 0 0 0 0 0
1375328147 29 0 0 0 0 0 0 0 0 0 0 0 0 0 0 0 0 0 0 0
1375334755 30 0 0 0 0 0 0 0 0 0 0 0 0 0 0 0 0 0 0 0
1375369056 31 0 0 0 0 0 0 0 0 0 0 0 0 0 0 0 0 0 0 0
1375370466 32 0 0 0 0 0 0 0 0 0 0 0 0 0 0 0 0 0 0 0
1375392392 33 0 0 0 0 0 0 0 0 0 0 0 0 0 0 0 0 0 0 0
1375393175 34 0 0 0 0 0 0 0 0 0 0 0 0 0 0 0 0 0 0 0
1375394281 35 0 0 0 0 0 0 0 0 0 0 0 0 0 0 0 0 0 0 0
1375398459 36 0 0 0 0 0 0 0 0 0 0 0 0 0 0 0 0 0 0 0
1375401110 37 0 0 0 0 0 0 0 0 0 0 0 0 0 0 0 0 0 0 0
1375413972 38 0 0 0 0 0 0 0 0 0 0 0 0 0 0 0 0 0 0 0
1375414462 39 0 0 0 0 0 0 0 0 0 0 0 0 0 0 0 0 0 0 0
1375414995 40 0 0 0 0 0 0 0 0 0 0 0 0 0 0 0 0 0 0 0
1375418462 41 0 0 0 0 0 0 0 0 0 0 0 0 0 0 0 0 0 0 0
1375468297 42 0 0 0 0 0 0 0 0 0 0 0 0 0 0 0 0 0 0 0
1375478169 43 0 0 0 0 0 0 0 0 0 0 0 0 0 0 0 0 0 0 0
1375584511 44 0 0 0 0 0 0 0 0 0 0 0 0 0 0 0 0 0 0 0
1375668724 45 0 0 0 0 0 0 0 0 0 0 0 0 0 0 0 0 0 0 0
1375669739 46 0 0 0 0 0 0 0 0 0 0 0 0 0 0 0 0 0 0 0
1375799661 47 0 0 0 0 0 0 0 0 0 0 0 0 0 0 0 0 0 0 0
1375801417 48 0 0 0 0 0 0 0 0 0 0 0 0 0 0 0 0 0 0 0
1375804185 49 0 0 0 0 0 0 0 0 0 0 0 0 0 0 0 0 0 0 0
1375806880 50 0 0 0 0 0 0 0 0 0 0 0 0 0 0 0 0 0 0 0
1375813440 51 0 0 0 0 0 0 0 0 0 0 0 0 0 0 0 0 0 0 0
1375823665 52 0 0 0 0 0 0 0 0 0 0 0 0 0 0 0 0 0 0 0
1375823794 53 0 0 0 0 0 0 0 0 0 0 0 0 0 0 0 0 0 0 0
1375831604 54 0 0 0 0 0 0 0 0 0 0 0 0 0 0 0 0 0 0 0
1375907586 55 0 0 0 0 0 0 0 0 0 0 0 0 0 0 0 0 0 0 0
1375915907 56 0 0 0 0 0 0 0 0 0 0 0 0 0 0 0 0 0 0 0
1375929133 57 0 0 0 0 0 0 0 0 0 0 0 0 0 0 0 0 0 0 0
1375969749 58 0 0 0 0 0 0 0 0 0 0 0 0 0 0 0 0 0 0 0
1375970697 59 0 0 0 0 0 0 0 0 0 0 0 0 0 0 0 0 0 0 0
1375971579 60 0 0 0 0 0 0 0 0 0 0 0 0 0 0 0 0 0 0 0
1375973209 61 0 0 0 0 0 0 0 0 0 0 0 0 0 0 0 0 0 0 0
1375990246 62 0 0 0 0 0 0 0 0 0 0 0 0 0 0 0 0 0 0 0
1375990258 63 0 0 0 0 0 0 0 0 0 0 0 0 0 0 0 0 0 0 0
1375994315 64 0 0 0 0 0 0 0 0 0 0 0 0 0 0 0 0 0 0 0
1376011943 65 0 0 0 0 0 0 0 0 0 0 0 0 0 0 0 0 0 0 0
1376013752 66 0 0 0 0 0 0 0 0 0 0 0 0 0 0 0 0 0 0 0
1376013867 67 0 0 0 0 0 0 0 0 0 0 0 0 0 0 0 0 0 0 0
1376023206 68 0 0 0 0 0 0 0 0 0 0 0 0 0 0 0 0 0 0 0
1376025572 69 0 0 0 0 0 0 0 0 0 0 0 0 0 0 0 0 0 0 0
1376025588 70 0 0 0 0 0 0 0 0 0 0 0 0 0 0 0 0 0 0 0
1376027048 71 0 0 0 0 0 0 0 0 0 0 0 0 0 0 0 0 0 0 0
1376027918 72 0 0 0 0 0 0 0 0 0 0 0 0 0 0 0 0 0 0 0
1376030300 73 0 0 0 0 0 0 0 0 0 0 0 0 0 0 0 0 0 0 0
1376081746 74 0 0 0 0 0 0 0 0 0 0 0 0 0 0 0 0 0 0 0
1376085649 74 1 0 0 0 0 0 0 0 0 0 0 0 0 0 0 0 0 0 0
1376086623 74 2 0 0 0 0 0 0 0 0 0 0 0 0 0 0 0 0 0 0
1376091628 75 2 0 0 0 0 0 0 0 0 0 0 0 0 0 0 0 0 0 0
1376116317 76 2 0 0 0 0 0 0 0 0 0 0 0 0 0 0 0 0 0 0
1376116325 77 2 0 0 0 0 0 0 0 0 0 0 0 0 0 0 0 0 0 0
1376149085 78 2 0 0 0 0 0 0 0 0 0 0 0 0 0 0 0 0 0 0
1376149226 79 2 0 0 0 0 0 0 0 0 0 0 0 0 0 0 0 0 0 0
1376150385 80 2 0 0 0 0 0 0 0 0 0 0 0 0 0 0 0 0 0 0
1376151307 81 2 0 0 0 0 0 0 0 0 0 0 0 0 0 0 0 0 0 0
1376152157 82 2 0 0 0 0 0 0 0 0 0 0 0 0 0 0 0 0 0 0
1376186076 82 3 0 0 0 0 0 0 0 0 0 0 0 0 0 0 0 0 0 0
1376186123 82 4 0 0 0 0 0 0 0 0 0 0 0 0 0 0 0 0 0 0
1376196402 83 4 0 0 0 0 0 0 0 0 0 0 0 0 0 0 0 0 0 0
1376198977 84 4 0 0 0 0 0 0 0 0 0 0 0 0 0 0 0 0 0 0
1376200804 85 4 0 0 0 0 0 0 0 0 0 0 0 0 0 0 0 0 0 0
1376226282 85 5 0 0 0 0 0 0 0 0 0 0 0 0 0 0 0 0 0 0
1376229988 85 6 0 0 0 0 0 0 0 0 0 0 0 0 0 0 0 0 0 0
1376231215 86 6 0 0 0 0 0 0 0 0 0 0 0 0 0 0 0 0 0 0
1376234624 87 6 0 0 0 0 0 0 0 0 0 0 0 0 0 0 0 0 0 0
1376237590 87 7 0 0 0 0 0 0 0 0 0 0 0 0 0 0 0 0 0 0
1376248071 88 7 0 0 0 0 0 0 0 0 0 0 0 0 0 0 0 0 0 0
1376248334 89 7 0 0 0 0 0 0 0 0 0 0 0 0 0 0 0 0 0 0
1376254962 90 7 0 0 0 0 0 0 0 0 0 0 0 0 0 0 0 0 0 0
1376254983 91 7 0 0 0 0 0 0 0 0 0 0 0 0 0 0 0 0 0 0
1376255213 91 8 0 0 0 0 0 0 0 0 0 0 0 0 0 0 0 0 0 0
1376259598 92 8 0 0 0 0 0 0 0 0 0 0 0 0 0 0 0 0 0 0
1376259973 93 8 0 0 0 0 0 0 0 0 0 0 0 0 0 0 0 0 0 0
1376260183 94 8 0 0 0 0 0 0 0 0 0 0 0 0 0 0 0 0 0 0
1376260505 95 8 0 0 0 0 0 0 0 0 0 0 0 0 0 0 0 0 0 0
1376261038 96 8 0 0 0 0 0 0 0 0 0 0 0 0 0 0 0 0 0 0
1376268272 97 8 0 0 0 0 0 0 0 0 0 0 0 0 0 0 0 0 0 0
1376272891 98 8 0 0 0 0 0 0 0 0 0 0 0 0 0 0 0 0 0 0
1376275132 99 8 0 0 0 0 0 0 0 0 0 0 0 0 0 0 0 0 0 0
1376279441 100 8 0 0 0 0 0 0 0 0 0 0 0 0 0 0 0 0 0 0
1376284454 101 8 0 0 0 0 0 0 0 0 0 0 0 0 0 0 0 0 0 0
1376285830 102 8 0 0 0 0 0 0 0 0 0 0 0 0 0 0 0 0 0 0
1376287709 103 8 0 0 0 0 0 0 0 0 0 0 0 0 0 0 0 0 0 0
1376323036 104 8 0 0 0 0 0 0 0 0 0 0 0 0 0 0 0 0 0 0
1376332945 105 8 0 0 0 0 0 0 0 0 0 0 0 0 0 0 0 0 0 0
1376337813 106 8 0 0 0 0 0 0 0 0 0 0 0 0 0 0 0 0 0 0
1376337833 107 8 0 0 0 0 0 0 0 0 0 0 0 0 0 0 0 0 0 0
1376339494 108 8 0 0 0 0 0 0 0 0 0 0 0 0 0 0 0 0 0 0
1376363744 109 8 0 0 0 0 0 0 0 0 0 0 0 0 0 0 0 0 0 0
1376365993 111 8 0 0 0 0 0 0 0 0 0 0 0 0 0 0 0 0 0 0
1376371422 112 8 0 0 0 0 0 0 0 0 0 0 0 0 0 0 0 0 0 0
1376428183 113 8 0 0 0 0 0 0 0 0 0 0 0 0 0 0 0 0 0 0
1376428288 114 8 0 0 0 0 0 0 0 0 0 0 0 0 0 0 0 0 0 0
1376443312 115 8 0 0 0 0 0 0 0 0 0 0 0 0 0 0 0 0 0 0
1376448343 115 9 0 0 0 0 0 0 0 0 0 0 0 0 0 0 0 0 0 0
1376448358 115 10 0 0 0 0 0 0 0 0 0 0 0 0 0 0 0 0 0 0
1376449771 115 11 0 0 0 0 0 0 0 0 0 0 0 0 0 0 0 0 0 0
1376457170 116 11 0 0 0 0 0 0 0 0 0 0 0 0 0 0 0 0 0 0
1376496620 117 11 0 0 0 0 0 0 0 0 0 0 0 0 0 0 0 0 0 0
1376509050 118 11 0 0 0 0 0 0 0 0 0 0 0 0 0 0 0 0 0 0
1376522617 119 11 0 0 0 0 0 0 0 0 0 0 0 0 0 0 0 0 0 0
1376524947 120 11 0 0 0 0 0 0 0 0 0 0 0 0 0 0 0 0 0 0
1376525059 121 11 0 0 0 0 0 0 0 0 0 0 0 0 0 0 0 0 0 0
1376531504 122 11 0 0 0 0 0 0 0 0 0 0 0 0 0 0 0 0 0 0
1376536866 123 11 0 0 0 0 0 0 0 0 0 0 0 0 0 0 0 0 0 0
1376549896 124 11 0 0 0 0 0 0 0 0 0 0 0 0 0 0 0 0 0 0
1376636596 125 11 0 0 0 0 0 0 0 0 0 0 0 0 0 0 0 0 0 0
1376636633 126 11 0 0 0 0 0 0 0 0 0 0 0 0 0 0 0 0 0 0
1376698643 126 12 0 0 0 0 0 0 0 0 0 0 0 0 0 0 0 0 0 0
1376705135 126 13 0 0 0 0 0 0 0 0 0 0 0 0 0 0 0 0 0 0
1376707601 127 13 0 0 0 0 0 0 0 0 0 0 0 0 0 0 0 0 0 0
1376707608 128 13 0 0 0 0 0 0 0 0 0 0 0 0 0 0 0 0 0 0
1376717601 129 13 0 0 0 0 0 0 0 0 0 0 0 0 0 0 0 0 0 0
1376847286 130 13 0 0 0 0 0 0 0 0 0 0 0 0 0 0 0 0 0 0
1376860462 131 13 0 0 0 0 0 0 0 0 0 0 0 0 0 0 0 0 0 0
1376861496 132 13 0 0 0 0 0 0 0 0 0 0 0 0 0 0 0 0 0 0
1376865808 133 13 0 0 0 0 0 0 0 0 0 0 0 0 0 0 0 0 0 0
1376867425 134 13 0 0 0 0 0 0 0 0 0 0 0 0 0 0 0 0 0 0
1376869418 135 13 0 0 0 0 0 0 0 0 0 0 0 0 0 0 0 0 0 0
1376875056 136 13 0 0 0 0 0 0 0 0 0 0 0 0 0 0 0 0 0 0
1376876736 137 13 0 0 0 0 0 0 0 0 0 0 0 0 0 0 0 0 0 0
1376883790 138 13 0 0 0 0 0 0 0 0 0 0 0 0 0 0 0 0 0 0
1376885795 139 13 0 0 0 0 0 0 0 0 0 0 0 0 0 0 0 0 0 0
1376891232 140 13 0 0 0 0 0 0 0 0 0 0 0 0 0 0 0 0 0 0
1376891258 141 13 0 0 0 0 0 0 0 0 0 0 0 0 0 0 0 0 0 0
1376893328 142 13 0 0 0 0 0 0 0 0 0 0 0 0 0 0 0 0 0 0
1376895836 143 13 0 0 0 0 0 0 0 0 0 0 0 0 0 0 0 0 0 0
1376901784 144 13 0 0 0 0 0 0 0 0 0 0 0 0 0 0 0 0 0 0
1376903116 145 13 0 0 0 0 0 0 0 0 0 0 0 0 0 0 0 0 0 0
1376941729 146 13 0 0 0 0 0 0 0 0 0 0 0 0 0 0 0 0 0 0
1376960495 147 13 0 0 0 0 0 0 0 0 0 0 0 0 0 0 0 0 0 0
1376968894 148 13 0 0 0 0 0 0 0 0 0 0 0 0 0 0 0 0 0 0
1376974903 149 13 0 0 0 0 0 0 0 0 0 0 0 0 0 0 0 0 0 0
1377050042 150 13 0 0 0 0 0 0 0 0 0 0 0 0 0 0 0 0 0 0
1377054450 151 13 0 0 0 0 0 0 0 0 0 0 0 0 0 0 0 0 0 0
1377063745 152 13 0 0 0 0 0 0 0 0 0 0 0 0 0 0 0 0 0 0
1377096582 153 13 0 0 0 0 0 0 0 0 0 0 0 0 0 0 0 0 0 0
1377108580 154 13 0 0 0 0 0 0 0 0 0 0 0 0 0 0 0 0 0 0
1377113832 155 13 0 0 0 0 0 0 0 0 0 0 0 0 0 0 0 0 0 0
1377147328 156 13 0 0 0 0 0 0 0 0 0 0 0 0 0 0 0 0 0 0
1377149015 156 14 0 0 0 0 0 0 0 0 0 0 0 0 0 0 0 0 0 0
1377149361 156 15 0 0 0 0 0 0 0 0 0 0 0 0 0 0 0 0 0 0
1377149484 156 16 0 0 0 0 0 0 0 0 0 0 0 0 0 0 0 0 0 0
1377156687 157 16 0 0 0 0 0 0 0 0 0 0 0 0 0 0 0 0 0 0
1377156756 158 16 0 0 0 0 0 0 0 0 0 0 0 0 0 0 0 0 0 0
1377221754 159 16 0 0 0 0 0 0 0 0 0 0 0 0 0 0 0 0 0 0
1377228473 160 16 0 0 0 0 0 0 0 0 0 0 0 0 0 0 0 0 0 0
1377303126 161 16 0 0 0 0 0 0 0 0 0 0 0 0 0 0 0 0 0 0
1377312320 162 16 0 0 0 0 0 0 0 0 0 0 0 0 0 0 0 0 0 0
1377327407 163 16 0 0 0 0 0 0 0 0 0 0 0 0 0 0 0 0 0 0
1377332668 164 16 0 0 0 0 0 0 0 0 0 0 0 0 0 0 0 0 0 0
1377389241 165 16 0 0 0 0 0 0 0 0 0 0 0 0 0 0 0 0 0 0
1377394129 166 16 0 0 0 0 0 0 0 0 0 0 0 0 0 0 0 0 0 0
1377394366 167 16 0 0 0 0 0 0 0 0 0 0 0 0 0 0 0 0 0 0
1377395451 168 16 0 0 0 0 0 0 0 0 0 0 0 0 0 0 0 0 0 0
1377475863 169 16 0 0 0 0 0 0 0 0 0 0 0 0 0 0 0 0 0 0
1377475941 170 16 0 0 0 0 0 0 0 0 0 0 0 0 0 0 0 0 0 0
1377476037 171 16 0 0 0 0 0 0 0 0 0 0 0 0 0 0 0 0 0 0
1377492322 172 16 0 0 0 0 0 0 0 0 0 0 0 0 0 0 0 0 0 0
1377496593 173 16 0 0 0 0 0 0 0 0 0 0 0 0 0 0 0 0 0 0
1377496655 174 16 0 0 0 0 0 0 0 0 0 0 0 0 0 0 0 0 0 0
1377497252 175 16 0 0 0 0 0 0 0 0 0 0 0 0 0 0 0 0 0 0
1377567197 176 16 0 0 0 0 0 0 0 0 0 0 0 0 0 0 0 0 0 0
1377570062 177 16 0 0 0 0 0 0 0 0 0 0 0 0 0 0 0 0 0 0
1377585085 177 16 0 0 0 0 0 0 0 0 0 0 0 0 0 0 0 0 0 0
1377585808 178 16 0 0 0 0 0 0 0 0 0 0 0 0 0 0 0 0 0 0
1377585812 179 16 0 0 0 0 0 0 0 0 0 0 0 0 0 0 0 0 0 0
1377649316 180 16 0 0 0 0 0 0 0 0 0 0 0 0 0 0 0 0 0 0
1377654178 181 16 0 0 0 0 0 0 0 0 0 0 0 0 0 0 0 0 0 0
1377655813 182 16 0 0 0 0 0 0 0 0 0 0 0 0 0 0 0 0 0 0
1377663588 183 16 0 0 0 0 0 0 0 0 0 0 0 0 0 0 0 0 0 0
1377663606 184 16 0 0 0 0 0 0 0 0 0 0 0 0 0 0 0 0 0 0
1377704368 185 16 0 0 0 0 0 0 0 0 0 0 0 0 0 0 0 0 0 0
1377704374 186 16 0 0 0 0 0 0 0 0 0 0 0 0 0 0 0 0 0 0
1377714882 187 16 0 0 0 0 0 0 0 0 0 0 0 0 0 0 0 0 0 0
1377724262 188 16 0 0 0 0 0 0 0 0 0 0 0 0 0 0 0 0 0 0
1377730662 189 16 0 0 0 0 0 0 0 0 0 0 0 0 0 0 0 0 0 0
1377759840 190 16 0 0 0 0 0 0 0 0 0 0 0 0 0 0 0 0 0 0
1377803330 191 16 0 0 0 0 0 0 0 0 0 0 0 0 0 0 0 0 0 0
1377830056 192 16 0 0 0 0 0 0 0 0 0 0 0 0 0 0 0 0 0 0
1377838343 193 16 0 0 0 0 0 0 0 0 0 0 0 0 0 0 0 0 0 0
1377841153 194 16 0 0 0 0 0 0 0 0 0 0 0 0 0 0 0 0 0 0
1377843747 195 16 0 0 0 0 0 0 0 0 0 0 0 0 0 0 0 0 0 0
1377908825 196 16 0 0 0 0 0 0 0 0 0 0 0 0 0 0 0 0 0 0
1377913151 197 16 0 0 0 0 0 0 0 0 0 0 0 0 0 0 0 0 0 0
1377916588 198 16 0 0 0 0 0 0 0 0 0 0 0 0 0 0 0 0 0 0
1377921249 199 16 0 0 0 0 0 0 0 0 0 0 0 0 0 0 0 0 0 0
1377921868 200 16 0 0 0 0 0 0 0 0 0 0 0 0 0 0 0 0 0 0
1377922764 201 16 0 0 0 0 0 0 0 0 0 0 0 0 0 0 0 0 0 0
1377971799 202 16 0 0 0 0 0 0 0 0 0 0 0 0 0 0 0 0 0 0
1377985485 203 16 0 0 0 0 0 0 0 0 0 0 0 0 0 0 0 0 0 0
1377987180 204 16 0 0 0 0 0 0 0 0 0 0 0 0 0 0 0 0 0 0
1377989220 205 16 0 0 0 0 0 0 0 0 0 0 0 0 0 0 0 0 0 0
1378009414 205 16 0 0 0 0 0 0 0 0 0 0 0 0 0 0 0 0 0 1
1378079082 206 16 0 0 0 0 0 0 0 0 0 0 0 0 0 0 0 0 0 1
1378081261 207 16 0 0 0 0 0 0 0 0 0 0 0 0 0 0 0 0 0 1
1378093244 207 17 0 0 0 0 0 0 0 0 0 0 0 0 0 0 0 0 0 1
1378098950 208 17 0 0 0 0 0 0 0 0 0 0 0 0 0 0 0 0 0 1
1378099995 209 17 0 0 0 0 0 0 0 0 0 0 0 0 0 0 0 0 0 1
1378101092 210 17 0 0 0 0 0 0 0 0 0 0 0 0 0 0 0 0 0 1
1378109998 211 17 0 0 0 0 0 0 0 0 0 0 0 0 0 0 0 0 0 1
1378129281 211 18 0 0 0 0 0 0 0 0 0 0 0 0 0 0 0 0 0 1
1378129370 211 19 0 0 0 0 0 0 0 0 0 0 0 0 0 0 0 0 0 1
1378142152 211 20 0 0 0 0 0 0 0 0 0 0 0 0 0 0 0 0 0 1
1378144457 212 20 0 0 0 0 0 0 0 0 0 0 0 0 0 0 0 0 0 1
1378144464 213 20 0 0 0 0 0 0 0 0 0 0 0 0 0 0 0 0 0 1
1378145464 213 21 0 0 0 0 0 0 0 0 0 0 0 0 0 0 0 0 0 1
1378145614 213 22 0 0 0 0 0 0 0 0 0 0 0 0 0 0 0 0 0 1
1378146676 214 22 0 0 0 0 0 0 0 0 0 0 0 0 0 0 0 0 0 1
1378147254 214 23 0 0 0 0 0 0 0 0 0 0 0 0 0 0 0 0 0 1
1378156294 214 24 0 0 0 0 0 0 0 0 0 0 0 0 0 0 0 0 0 1
1378157545 214 25 0 0 0 0 0 0 0 0 0 0 0 0 0 0 0 0 0 1
1378161103 214 26 0 0 0 0 0 0 0 0 0 0 0 0 0 0 0 0 0 1
1378175863 214 27 0 0 0 0 0 0 0 0 0 0 0 0 0 0 0 0 0 1
1378190634 215 27 0 0 0 0 0 0 0 0 0 0 0 0 0 0 0 0 0 1
1378255871 215 28 0 0 0 0 0 0 0 0 0 0 0 0 0 0 0 0 0 1
1378257430 216 28 0 0 0 0 0 0 0 0 0 0 0 0 0 0 0 0 0 1
1378257746 217 28 0 0 0 0 0 0 0 0 0 0 0 0 0 0 0 0 0 1
1378271562 218 28 0 0 0 0 0 0 0 0 0 0 0 0 0 0 0 0 0 1
1378274552 219 28 0 0 0 0 0 0 0 0 0 0 0 0 0 0 0 0 0 1
1378276925 220 28 0 0 0 0 0 0 0 0 0 0 0 0 0 0 0 0 0 1
1378278791 221 28 0 0 0 0 0 0 0 0 0 0 0 0 0 0 0 0 0 1
1378326218 222 28 0 0 0 0 0 0 0 0 0 0 0 0 0 0 0 0 0 1
1378329203 223 28 0 0 0 0 0 0 0 0 0 0 0 0 0 0 0 0 0 1
1378331891 224 28 0 0 0 0 0 0 0 0 0 0 0 0 0 0 0 0 0 1
1378333234 225 28 0 0 0 0 0 0 0 0 0 0 0 0 0 0 0 0 0 1
1378420736 226 28 0 0 0 0 0 0 0 0 0 0 0 0 0 0 0 0 0 1
1378421054 227 28 0 0 0 0 0 0 0 0 0 0 0 0 0 0 0 0 0 1
1378422148 228 28 0 0 0 0 0 0 0 0 0 0 0 0 0 0 0 0 0 1
1378427787 228 29 0 0 0 0 0 0 0 0 0 0 0 0 0 0 0 0 0 1
1378427824 228 30 0 0 0 0 0 0 0 0 0 0 0 0 0 0 0 0 0 1
1378428040 228 31 0 0 0 0 0 0 0 0 0 0 0 0 0 0 0 0 0 1
1378433541 229 31 0 0 0 0 0 0 0 0 0 0 0 0 0 0 0 0 0 1
1378435104 230 31 0 0 0 0 0 0 0 0 0 0 0 0 0 0 0 0 0 1
1378446893 231 31 0 0 0 0 0 0 0 0 0 0 0 0 0 0 0 0 0 1
1378567075 231 32 0 0 0 0 0 0 0 0 0 0 0 0 0 0 0 0 0 1
1378582376 231 33 0 0 0 0 0 0 0 0 0 0 0 0 0 0 0 0 0 1
1378589515 231 34 0 0 0 0 0 0 0 0 0 0 0 0 0 0 0 0 0 1
1378590580 231 35 0 0 0 0 0 0 0 0 0 0 0 0 0 0 0 0 0 1
1378604376 231 36 0 0 0 0 0 0 0 0 0 0 0 0 0 0 0 0 0 1
1378676388 232 36 0 0 0 0 0 0 0 0 0 0 0 0 0 0 0 0 0 1
1378687366 233 36 0 0 0 0 0 0 0 0 0 0 0 0 0 0 0 0 0 1
1378687420 234 36 0 0 0 0 0 0 0 0 0 0 0 0 0 0 0 0 0 1
1378687501 235 36 0 0 0 0 0 0 0 0 0 0 0 0 0 0 0 0 0 1
1378687707 236 36 0 0 0 0 0 0 0 0 0 0 0 0 0 0 0 0 0 1
1378687742 237 36 0 0 0 0 0 0 0 0 0 0 0 0 0 0 0 0 0 1
1378705785 238 36 0 0 0 0 0 0 0 0 0 0 0 0 0 0 0 0 0 1
1378772755 239 36 0 0 0 0 0 0 0 0 0 0 0 0 0 0 0 0 0 1
1378791375 240 36 0 0 0 0 0 0 0 0 0 0 0 0 0 0 0 0 0 1
1378855379 240 37 0 0 0 0 0 0 0 0 0 0 0 0 0 0 0 0 0 1
1378855397 240 38 0 0 0 0 0 0 0 0 0 0 0 0 0 0 0 0 0 1
1378878077 241 38 0 0 0 0 0 0 0 0 0 0 0 0 0 0 0 0 0 1
1378884827 242 38 0 0 0 0 0 0 0 0 0 0 0 0 0 0 0 0 0 1
1378887950 243 38 0 0 0 0 0 0 0 0 0 0 0 0 0 0 0 0 0 1
1378921097 244 38 0 0 0 0 0 0 0 0 0 0 0 0 0 0 0 0 0 1
1378937664 245 38 0 0 0 0 0 0 0 0 0 0 0 0 0 0 0 0 0 1
1378938529 246 38 0 0 0 0 0 0 0 0 0 0 0 0 0 0 0 0 0 1
1378968730 247 38 0 0 0 0 0 0 0 0 0 0 0 0 0 0 0 0 0 1
1378975358 248 38 0 0 0 0 0 0 0 0 0 0 0 0 0 0 0 0 0 1
1379006957 249 38 0 0 0 0 0 0 0 0 0 0 0 0 0 0 0 0 0 1
1379007882 250 38 0 0 0 0 0 0 0 0 0 0 0 0 0 0 0 0 0 1
1379010453 251 38 0 0 0 0 0 0 0 0 0 0 0 0 0 0 0 0 0 1
1379017728 252 38 0 0 0 0 0 0 0 0 0 0 0 0 0 0 0 0 0 1
1379018068 253 38 0 0 0 0 0 0 0 0 0 0 0 0 0 0 0 0 0 1
1379020122 254 38 0 0 0 0 0 0 0 0 0 0 0 0 0 0 0 0 0 1
1379025499 254 39 0 0 0 0 0 0 0 0 0 0 0 0 0 0 0 0 0 1
1379035204 255 39 0 0 0 0 0 0 0 0 0 0 0 0 0 0 0 0 0 1
1379037384 255 40 0 0 0 0 0 0 0 0 0 0 0 0 0 0 0 0 0 1
1379044263 256 40 0 0 0 0 0 0 0 0 0 0 0 0 0 0 0 0 0 1
1379044555 256 41 0 0 0 0 0 0 0 0 0 0 0 0 0 0 0 0 0 1
1379051774 257 41 0 0 0 0 0 0 0 0 0 0 0 0 0 0 0 0 0 1
1379052458 258 41 0 0 0 0 0 0 0 0 0 0 0 0 0 0 0 0 0 1
1379062658 259 41 0 0 0 0 0 0 0 0 0 0 0 0 0 0 0 0 0 1
1379096946 260 41 0 0 0 0 0 0 0 0 0 0 0 0 0 0 0 0 0 1
1379100522 261 41 0 0 0 0 0 0 0 0 0 0 0 0 0 0 0 0 0 1
1379112992 262 41 0 0 0 0 0 0 0 0 0 0 0 0 0 0 0 0 0 1
1379118787 263 41 0 0 0 0 0 0 0 0 0 0 0 0 0 0 0 0 0 1
1379128414 264 41 0 0 0 0 0 0 0 0 0 0 0 0 0 0 0 0 0 1
1379142569 265 41 0 0 0 0 0 0 0 0 0 0 0 0 0 0 0 0 0 1
1379169758 265 42 0 0 0 0 0 0 0 0 0 0 0 0 0 0 0 0 0 1
1379182059 266 42 0 0 0 0 0 0 0 0 0 0 0 0 0 0 0 0 0 1
1379182167 267 42 0 0 0 0 0 0 0 0 0 0 0 0 0 0 0 0 0 1
1379182252 268 42 0 0 0 0 0 0 0 0 0 0 0 0 0 0 0 0 0 1
1379203941 268 43 0 0 0 0 0 0 0 0 0 0 0 0 0 0 0 0 0 1
1379302647 269 43 0 0 0 0 0 0 0 0 0 0 0 0 0 0 0 0 0 1
1379306086 270 43 0 0 0 0 0 0 0 0 0 0 0 0 0 0 0 0 0 1
1379369781 270 44 0 0 0 0 0 0 0 0 0 0 0 0 0 0 0 0 0 1
1379378576 270 45 0 0 0 0 0 0 0 0 0 0 0 0 0 0 0 0 0 1
1379470107 270 46 0 0 0 0 0 0 0 0 0 0 0 0 0 0 0 0 0 1
1379601811 271 46 0 0 0 0 0 0 0 0 0 0 0 0 0 0 0 0 0 1
1379603971 272 46 0 0 0 0 0 0 0 0 0 0 0 0 0 0 0 0 0 1
1379636526 273 46 0 0 0 0 0 0 0 0 0 0 0 0 0 0 0 0 0 1
1379639634 274 46 0 0 0 0 0 0 0 0 0 0 0 0 0 0 0 0 0 1
1379723898 274 47 0 0 0 0 0 0 0 0 0 0 0 0 0 0 0 0 0 1
1379723916 274 48 0 0 0 0 0 0 0 0 0 0 0 0 0 0 0 0 0 1
1379728841 275 48 0 0 0 0 0 0 0 0 0 0 0 0 0 0 0 0 0 1
1379728857 276 48 0 0 0 0 0 0 0 0 0 0 0 0 0 0 0 0 0 1
1379735577 276 49 0 0 0 0 0 0 0 0 0 0 0 0 0 0 0 0 0 1
1379735882 277 49 0 0 0 0 0 0 0 0 0 0 0 0 0 0 0 0 0 1
1379765232 277 50 0 0 0 0 0 0 0 0 0 0 0 0 0 0 0 0 0 1
1379782261 278 50 0 0 0 0 0 0 0 0 0 0 0 0 0 0 0 0 0 1
1379803020 278 51 0 0 0 0 0 0 0 0 0 0 0 0 0 0 0 0 0 1
1379805472 279 51 0 0 0 0 0 0 0 0 0 0 0 0 0 0 0 0 0 1
1379805513 279 52 0 0 0 0 0 0 0 0 0 0 0 0 0 0 0 0 0 1
1379813940 280 52 0 0 0 0 0 0 0 0 0 0 0 0 0 0 0 0 0 1
1379817440 281 52 0 0 0 0 0 0 0 0 0 0 0 0 0 0 0 0 0 1
1379818260 282 52 0 0 0 0 0 0 0 0 0 0 0 0 0 0 0 0 0 1
1379819807 283 52 0 0 0 0 0 0 0 0 0 0 0 0 0 0 0 0 0 1
1379820118 283 53 0 0 0 0 0 0 0 0 0 0 0 0 0 0 0 0 0 1
1379820153 283 54 0 0 0 0 0 0 0 0 0 0 0 0 0 0 0 0 0 1
1379860938 284 54 0 0 0 0 0 0 0 0 0 0 0 0 0 0 0 0 0 1
1379861008 284 55 0 0 0 0 0 0 0 0 0 0 0 0 0 0 0 0 0 1
1380425031 284 56 0 0 0 0 0 0 0 0 0 0 0 0 0 0 0 0 0 1
1380691440 284 57 0 0 0 0 0 0 0 0 0 0 0 0 0 0 0 0 0 1
1380764664 284 58 0 0 0 0 0 0 0 0 0 0 0 0 0 0 0 0 0 1
1381084275 284 59 0 0 0 0 0 0 0 0 0 0 0 0 0 0 0 0 0 1
1381256895 285 59 0 0 0 0 0 0 0 0 0 0 0 0 0 0 0 0 0 1
1381457873 285 60 0 0 0 0 0 0 0 0 0 0 0 0 0 0 0 0 0 1
1381458011 285 61 0 0 0 0 0 0 0 0 0 0 0 0 0 0 0 0 0 1
1381464243 286 61 0 0 0 0 0 0 0 0 0 0 0 0 0 0 0 0 0 1
1381464247 287 61 0 0 0 0 0 0 0 0 0 0 0 0 0 0 0 0 0 1
1381464277 288 61 0 0 0 0 0 0 0 0 0 0 0 0 0 0 0 0 0 1
1381547302 289 61 0 0 0 0 0 0 0 0 0 0 0 0 0 0 0 0 0 1
1381673929 289 62 0 0 0 0 0 0 0 0 0 0 0 0 0 0 0 0 0 1
1381772764 290 62 0 0 0 0 0 0 0 0 0 0 0 0 0 0 0 0 0 1
1382062076 290 63 0 0 0 0 0 0 0 0 0 0 0 0 0 0 0 0 0 1
1382062789 290 64 0 0 0 0 0 0 0 0 0 0 0 0 0 0 0 0 0 1
1382233712 290 65 0 0 0 0 0 0 0 0 0 0 0 0 0 0 0 0 0 1
1382316706 290 66 0 0 0 0 0 0 0 0 0 0 0 0 0 0 0 0 0 1
1382417117 291 66 0 0 0 0 0 0 0 0 0 0 0 0 0 0 0 0 0 1
1382578584 291 67 0 0 0 0 0 0 0 0 0 0 0 0 0 0 0 0 0 1
1382825107 292 67 0 0 0 0 0 0 0 0 0 0 0 0 0 0 0 0 0 1
1382832831 292 68 0 0 0 0 0 0 0 0 0 0 0 0 0 0 0 0 0 1
1382842721 293 68 0 0 0 0 0 0 0 0 0 0 0 0 0 0 0 0 0 1
1382842726 294 68 0 0 0 0 0 0 0 0 0 0 0 0 0 0 0 0 0 1
1382888027 295 68 0 0 0 0 0 0 0 0 0 0 0 0 0 0 0 0 0 1
1382888828 296 68 0 0 0 0 0 0 0 0 0 0 0 0 0 0 0 0 0 1
1383341959 296 69 0 0 0 0 0 0 0 0 0 0 0 0 0 0 0 0 0 1
1383347224 297 69 0 0 0 0 0 0 0 0 0 0 0 0 0 0 0 0 0 1
1383347228 298 69 0 0 0 0 0 0 0 0 0 0 0 0 0 0 0 0 0 1
1384575204 299 69 0 0 0 0 0 0 0 0 0 0 0 0 0 0 0 0 0 1
1384670946 300 69 0 0 0 0 0 0 0 0 0 0 0 0 0 0 0 0 0 1
1384670962 301 69 0 0 0 0 0 0 0 0 0 0 0 0 0 0 0 0 0 1
1384675187 302 69 0 0 0 0 0 0 0 0 0 0 0 0 0 0 0 0 0 1
1385086712 303 69 0 0 0 0 0 0 0 0 0 0 0 0 0 0 0 0 0 1
1385092506 304 69 0 0 0 0 0 0 0 0 0 0 0 0 0 0 0 0 0 1
1385282296 305 69 0 0 0 0 0 0 0 0 0 0 0 0 0 0 0 0 0 1
1385282356 306 69 0 0 0 0 0 0 0 0 0 0 0 0 0 0 0 0 0 1
1385316051 306 70 0 0 0 0 0 0 0 0 0 0 0 0 0 0 0 0 0 1
1385318268 307 70 0 0 0 0 0 0 0 0 0 0 0 0 0 0 0 0 0 1
1385321131 307 71 0 0 0 0 0 0 0 0 0 0 0 0 0 0 0 0 0 1
1385335308 307 72 0 0 0 0 0 0 0 0 0 0 0 0 0 0 0 0 0 1
1385350168 308 72 0 0 0 0 0 0 0 0 0 0 0 0 0 0 0 0 0 1
1385350210 309 72 0 0 0 0 0 0 0 0 0 0 0 0 0 0 0 0 0 1
1385350239 310 72 0 0 0 0 0 0 0 0 0 0 0 0 0 0 0 0 0 1
1385364842 311 72 0 0 0 0 0 0 0 0 0 0 0 0 0 0 0 0 0 1
1385367236 312 72 0 0 0 0 0 0 0 0 0 0 0 0 0 0 0 0 0 1
1385368051 313 72 0 0 0 0 0 0 0 0 0 0 0 0 0 0 0 0 0 1
1385434021 313 73 0 0 0 0 0 0 0 0 0 0 0 0 0 0 0 0 0 1
1385434231 313 74 0 0 0 0 0 0 0 0 0 0 0 0 0 0 0 0 0 1
1385435252 313 75 0 0 0 0 0 0 0 0 0 0 0 0 0 0 0 0 0 1
1385436413 314 75 0 0 0 0 0 0 0 0 0 0 0 0 0 0 0 0 0 1
1385437033 315 75 0 0 0 0 0 0 0 0 0 0 0 0 0 0 0 0 0 1
1385437101 316 75 0 0 0 0 0 0 0 0 0 0 0 0 0 0 0 0 0 1
1385439411 317 75 0 0 0 0 0 0 0 0 0 0 0 0 0 0 0 0 0 1
1385440356 318 75 0 0 0 0 0 0 0 0 0 0 0 0 0 0 0 0 0 1
1385440916 318 76 0 0 0 0 0 0 0 0 0 0 0 0 0 0 0 0 0 1
1385440985 318 77 0 0 0 0 0 0 0 0 0 0 0 0 0 0 0 0 0 1
1385530239 318 78 0 0 0 0 0 0 0 0 0 0 0 0 0 0 0 0 0 1
1385851746 319 78 0 0 0 0 0 0 0 0 0 0 0 0 0 0 0 0 0 1
1386068564 319 78 1 0 0 0 0 0 0 0 0 0 0 0 0 0 0 0 0 1
1386097330 319 79 1 0 0 0 0 0 0 0 0 0 0 0 0 0 0 0 0 1
1386293121 320 79 1 0 0 0 0 0 0 0 0 0 0 0 0 0 0 0 0 1
1386293137 321 79 1 0 0 0 0 0 0 0 0 0 0 0 0 0 0 0 0 1
1386373528 322 79 1 0 0 0 0 0 0 0 0 0 0 0 0 0 0 0 0 1
1386400533 323 79 1 0 0 0 0 0 0 0 0 0 0 0 0 0 0 0 0 1
1386401541 324 79 1 0 0 0 0 0 0 0 0 0 0 0 0 0 0 0 0 1
1386404355 325 79 1 0 0 0 0 0 0 0 0 0 0 0 0 0 0 0 0 1
1386444948 325 80 1 0 0 0 0 0 0 0 0 0 0 0 0 0 0 0 0 1
1386460327 326 80 1 0 0 0 0 0 0 0 0 0 0 0 0 0 0 0 0 1
1386460341 327 80 1 0 0 0 0 0 0 0 0 0 0 0 0 0 0 0 0 1
1386461338 327 80 2 0 0 0 0 0 0 0 0 0 0 0 0 0 0 0 0 1
1386461526 327 80 3 0 0 0 0 0 0 0 0 0 0 0 0 0 0 0 0 1
1386520047 328 80 3 0 0 0 0 0 0 0 0 0 0 0 0 0 0 0 0 1
1386520053 329 80 3 0 0 0 0 0 0 0 0 0 0 0 0 0 0 0 0 1
1386568225 330 80 3 0 0 0 0 0 0 0 0 0 0 0 0 0 0 0 0 1
1386614503 330 81 3 0 0 0 0 0 0 0 0 0 0 0 0 0 0 0 0 1
1386614539 330 82 3 0 0 0 0 0 0 0 0 0 0 0 0 0 0 0 0 1
1386616728 330 83 3 0 0 0 0 0 0 0 0 0 0 0 0 0 0 0 0 1
1386620171 330 84 3 0 0 0 0 0 0 0 0 0 0 0 0 0 0 0 0 1
1386630893 330 84 4 0 0 0 0 0 0 0 0 0 0 0 0 0 0 0 0 1
1386637281 330 84 4 0 1 0 0 0 0 0 0 0 0 0 0 0 0 0 0 1
1386646006 331 84 4 0 1 0 0 0 0 0 0 0 0 0 0 0 0 0 0 1
1386646753 332 84 4 0 1 0 0 0 0 0 0 0 0 0 0 0 0 0 0 1
1386647476 333 84 4 0 1 0 0 0 0 0 0 0 0 0 0 0 0 0 0 1
1387093459 334 84 4 0 1 0 0 0 0 0 0 0 0 0 0 0 0 0 0 1
1387240944 334 84 4 0 2 0 0 0 0 0 0 0 0 0 0 0 0 0 0 1
1387244475 335 84 4 0 2 0 0 0 0 0 0 0 0 0 0 0 0 0 0 1
1387244538 336 84 4 0 2 0 0 0 0 0 0 0 0 0 0 0 0 0 0 1
1387252484 337 84 4 0 2 0 0 0 0 0 0 0 0 0 0 0 0 0 0 1
1387254095 338 84 4 0 2 0 0 0 0 0 0 0 0 0 0 0 0 0 0 1
1387270144 339 84 4 0 2 0 0 0 0 0 0 0 0 0 0 0 0 0 0 1
1387279528 339 84 4 0 3 0 0 0 0 0 0 0 0 0 0 0 0 0 0 1
1387279660 339 84 4 0 4 0 0 0 0 0 0 0 0 0 0 0 0 0 0 1
1387279828 339 84 4 0 5 0 0 0 0 0 0 0 0 0 0 0 0 0 0 1
1387294187 339 85 4 0 5 0 0 0 0 0 0 0 0 0 0 0 0 0 0 1
1387315597 339 86 4 0 5 0 0 0 0 0 0 0 0 0 0 0 0 0 0 1
1387324230 339 86 4 0 6 0 0 0 0 0 0 0 0 0 0 0 0 0 0 1
1387324587 339 86 4 0 7 0 0 0 0 0 0 0 0 0 0 0 0 0 0 1
1387329461 340 86 4 0 7 0 0 0 0 0 0 0 0 0 0 0 0 0 0 1
1387329465 341 86 4 0 7 0 0 0 0 0 0 0 0 0 0 0 0 0 0 1
1387344080 341 87 4 0 7 0 0 0 0 0 0 0 0 0 0 0 0 0 0 1
1387348447 341 87 4 0 8 0 0 0 0 0 0 0 0 0 0 0 0 0 0 1
1387364379 341 87 4 0 9 0 0 0 0 0 0 0 0 0 0 0 0 0 0 1
1387364407 341 87 4 0 10 0 0 0 0 0 0 0 0 0 0 0 0 0 0 1
1387391001 342 87 4 0 10 0 0 0 0 0 0 0 0 0 0 0 0 0 0 1
1387391005 343 87 4 0 10 0 0 0 0 0 0 0 0 0 0 0 0 0 0 1
1387391014 344 87 4 0 10 0 0 0 0 0 0 0 0 0 0 0 0 0 0 1
1387391793 345 87 4 0 10 0 0 0 0 0 0 0 0 0 0 0 0 0 0 1
1387391821 346 87 4 0 10 0 0 0 0 0 0 0 0 0 0 0 0 0 0 1
1387410247 346 87 4 0 11 0 0 0 0 0 0 0 0 0 0 0 0 0 0 1
1387462696 346 87 4 0 12 0 0 0 0 0 0 0 0 0 0 0 0 0 0 1
1387462751 346 87 4 0 13 0 0 0 0 0 0 0 0 0 0 0 0 0 0 1
1387473535 347 87 4 0 13 0 0 0 0 0 0 0 0 0 0 0 0 0 0 1
1387498854 347 87 4 0 14 0 0 0 0 0 0 0 0 0 0 0 0 0 0 1
1387500169 348 87 4 0 14 0 0 0 0 0 0 0 0 0 0 0 0 0 0 1
1387503116 349 87 4 0 14 0 0 0 0 0 0 0 0 0 0 0 0 0 0 1
1387509146 349 87 4 0 15 0 0 0 0 0 0 0 0 0 0 0 0 0 0 1
1387512835 350 87 4 0 15 0 0 0 0 0 0 0 0 0 0 0 0 0 0 1
1387520615 350 87 4 0 16 0 0 0 0 0 0 0 0 0 0 0 0 0 0 1
1387540667 350 87 4 0 17 0 0 0 0 0 0 0 0 0 0 0 0 0 0 1
1387594390 350 88 4 0 17 0 0 0 0 0 0 0 0 0 0 0 0 0 0 1
1387601922 350 89 4 0 17 0 0 0 0 0 0 0 0 0 0 0 0 0 0 1
1387658457 350 90 4 0 17 0 0 0 0 0 0 0 0 0 0 0 0 0 0 1
1387669602 350 91 4 0 17 0 0 0 0 0 0 0 0 0 0 0 0 0 0 1
1387686129 350 92 4 0 17 0 0 0 0 0 0 0 0 0 0 0 0 0 0 1
1387689015 351 92 4 0 17 0 0 0 0 0 0 0 0 0 0 0 0 0 0 1
1387689029 352 92 4 0 17 0 0 0 0 0 0 0 0 0 0 0 0 0 0 1
1387689095 353 92 4 0 17 0 0 0 0 0 0 0 0 0 0 0 0 0 0 1
1387689703 353 93 4 0 17 0 0 0 0 0 0 0 0 0 0 0 0 0 0 1
1387756536 353 93 4 0 18 0 0 0 0 0 0 0 0 0 0 0 0 0 0 1
1387756550 353 93 4 0 19 0 0 0 0 0 0 0 0 0 0 0 0 0 0 1
1387767529 353 94 4 0 19 0 0 0 0 0 0 0 0 0 0 0 0 0 0 1
1387826661 354 94 4 0 19 0 0 0 0 0 0 0 0 0 0 0 0 0 0 1
1387934530 355 94 4 0 19 0 0 0 0 0 0 0 0 0 0 0 0 0 0 1
1387936319 356 94 4 0 19 0 0 0 0 0 0 0 0 0 0 0 0 0 0 1
1387947095 357 94 4 0 19 0 0 0 0 0 0 0 0 0 0 0 0 0 0 1
1387954897 358 94 4 0 19 0 0 0 0 0 0 0 0 0 0 0 0 0 0 1
1388000101 359 94 4 0 19 0 0 0 0 0 0 0 0 0 0 0 0 0 0 1
1388000104 360 94 4 0 19 0 0 0 0 0 0 0 0 0 0 0 0 0 0 1
1388381694 360 95 4 0 19 0 0 0 0 0 0 0 0 0 0 0 0 0 0 1
1388467325 360 96 4 0 19 0 0 0 0 0 0 0 0 0 0 0 0 0 0 1
1388544137 361 96 4 0 19 0 0 0 0 0 0 0 0 0 0 0 0 0 0 1
1388548320 362 96 4 0 19 0 0 0 0 0 0 0 0 0 0 0 0 0 0 1
1388549236 363 96 4 0 19 0 0 0 0 0 0 0 0 0 0 0 0 0 0 1
1388652887 364 96 4 0 19 0 0 0 0 0 0 0 0 0 0 0 0 0 0 1
1388765374 364 96 5 0 19 0 0 0 0 0 0 0 0 0 0 0 0 0 0 1
1388771766 365 96 5 0 19 0 0 0 0 0 0 0 0 0 0 0 0 0 0 1
1388771789 366 96 5 0 19 0 0 0 0 0 0 0 0 0 0 0 0 0 0 1
1388773453 367 96 5 0 19 0 0 0 0 0 0 0 0 0 0 0 0 0 0 1
1388775401 367 97 5 0 19 0 0 0 0 0 0 0 0 0 0 0 0 0 0 1
1388777818 368 97 5 0 19 0 0 0 0 0 0 0 0 0 0 0 0 0 0 1
1388779368 369 97 5 0 19 0 0 0 0 0 0 0 0 0 0 0 0 0 0 1
1388781971 370 97 5 0 19 0 0 0 0 0 0 0 0 0 0 0 0 0 0 1
1388782845 370 97 6 0 19 0 0 0 0 0 0 0 0 0 0 0 0 0 0 1
1388791359 371 97 6 0 19 0 0 0 0 0 0 0 0 0 0 0 0 0 0 1
1388798393 372 97 6 0 19 0 0 0 0 0 0 0 0 0 0 0 0 0 0 1
1388802104 373 97 6 0 19 0 0 0 0 0 0 0 0 0 0 0 0 0 0 1
1388901961 374 97 6 0 19 0 0 0 0 0 0 0 0 0 0 0 0 0 0 1
1388909910 375 97 6 0 19 0 0 0 0 0 0 0 0 0 0 0 0 0 0 1
1388959788 375 98 6 0 19 0 0 0 0 0 0 0 0 0 0 0 0 0 0 1
1388959835 375 99 6 0 19 0 0 0 0 0 0 0 0 0 0 0 0 0 0 1
1388961855 375 100 6 0 19 0 0 0 0 0 0 0 0 0 0 0 0 0 0 1
1388988372 376 100 6 0 19 0 0 0 0 0 0 0 0 0 0 0 0 0 0 1
1388988884 377 100 6 0 19 0 0 0 0 0 0 0 0 0 0 0 0 0 0 1
1388991693 378 100 6 0 19 0 0 0 0 0 0 0 0 0 0 0 0 0 0 1
1389080581 379 100 6 0 19 0 0 0 0 0 0 0 0 0 0 0 0 0 0 1
1389133252 379 101 6 0 19 0 0 0 0 0 0 0 0 0 0 0 0 0 0 1
1389134025 379 101 7 0 19 0 0 0 0 0 0 0 0 0 0 0 0 0 0 1
1389134262 379 101 8 0 19 0 0 0 0 0 0 0 0 0 0 0 0 0 0 1
1389158895 380 101 8 0 19 0 0 0 0 0 0 0 0 0 0 0 0 0 0 1
1389158910 381 101 8 0 19 0 0 0 0 0 0 0 0 0 0 0 0 0 0 1
1389210958 382 101 8 0 19 0 0 0 0 0 0 0 0 0 0 0 0 0 0 1
1389228792 383 101 8 0 19 0 0 0 0 0 0 0 0 0 0 0 0 0 0 1
1389238239 384 101 8 0 19 0 0 0 0 0 0 0 0 0 0 0 0 0 0 1
1389245463 384 102 8 0 19 0 0 0 0 0 0 0 0 0 0 0 0 0 0 1
1389270724 384 102 9 0 19 0 0 0 0 0 0 0 0 0 0 0 0 0 0 1
1389271121 384 102 10 0 19 0 0 0 0 0 0 0 0 0 0 0 0 0 0 1
1389308929 384 102 11 0 19 0 0 0 0 0 0 0 0 0 0 0 0 0 0 1
1389325961 384 103 11 0 19 0 0 0 0 0 0 0 0 0 0 0 0 0 0 1
1389344114 385 103 11 0 19 0 0 0 0 0 0 0 0 0 0 0 0 0 0 1
1389344436 386 103 11 0 19 0 0 0 0 0 0 0 0 0 0 0 0 0 0 1
1389360356 386 103 11 0 19 0 0 0 0 0 0 0 0 0 0 0 0 0 1 1
1389361172 386 103 12 0 19 0 0 0 0 0 0 0 0 0 0 0 0 0 1 1
1389361263 386 103 13 0 19 0 0 0 0 0 0 0 0 0 0 0 0 0 1 1
1389367653 386 103 14 0 19 0 0 0 0 0 0 0 0 0 0 0 0 0 1 1
1389537354 386 103 14 0 19 0 0 0 0 0 0 0 0 0 1 0 0 0 1 1
1389570225 386 104 14 0 19 0 0 0 0 0 0 0 0 0 1 0 0 0 1 1
1389689384 387 104 14 0 19 0 0 0 0 0 0 0 0 0 1 0 0 0 1 1
1389689947 388 104 14 0 19 0 0 0 0 0 0 0 0 0 1 0 0 0 1 1
1389696837 388 104 15 0 19 0 0 0 0 0 0 0 0 0 1 0 0 0 1 1
1389725995 389 104 15 0 19 0 0 0 0 0 0 0 0 0 1 0 0 0 1 1
1389726015 390 104 15 0 19 0 0 0 0 0 0 0 0 0 1 0 0 0 1 1
1389763833 391 104 15 0 19 0 0 0 0 0 0 0 0 0 1 0 0 0 1 1
1389813328 391 104 15 0 19 0 0 0 0 0 1 0 0 0 1 0 0 0 1 1
1389850023 392 104 15 0 19 0 0 0 0 0 1 0 0 0 1 0 0 0 1 1
1389850084 393 104 15 0 19 0 0 0 0 0 1 0 0 0 1 0 0 0 1 1
1389868630 393 104 15 0 19 0 0 0 0 0 2 0 0 0 1 0 0 0 1 1
1389870834 393 104 16 0 19 0 0 0 0 0 2 0 0 0 1 0 0 0 1 1
1389900908 394 104 16 0 19 0 0 0 0 0 2 0 0 0 1 0 0 0 1 1
1389904757 395 104 16 0 19 0 0 0 0 0 2 0 0 0 1 0 0 0 1 1
1389920198 396 104 16 0 19 0 0 0 0 0 2 0 0 0 1 0 0 0 1 1
1389933003 397 104 16 0 19 0 0 0 0 0 2 0 0 0 1 0 0 0 1 1
1389937494 398 104 16 0 19 0 0 0 0 0 2 0 0 0 1 0 0 0 1 1
1389973309 398 104 17 0 19 0 0 0 0 0 2 0 0 0 1 0 0 0 1 1
1389973541 398 104 18 0 19 0 0 0 0 0 2 0 0 0 1 0 0 0 1 1
1389975419 398 104 19 0 19 0 0 0 0 0 2 0 0 0 1 0 0 0 1 1
1389977622 398 104 19 0 19 0 0 0 0 0 2 0 0 0 2 0 0 0 1 1
1389982133 398 105 19 0 19 0 0 0 0 0 2 0 0 0 2 0 0 0 1 1
1390101333 398 106 19 0 19 0 0 0 0 0 2 0 0 0 2 0 0 0 1 1
1390105603 399 106 19 0 19 0 0 0 0 0 2 0 0 0 2 0 0 0 1 1
1390117292 399 106 19 0 19 0 0 0 0 0 2 0 0 0 2 1 0 0 1 1
1390150986 400 106 19 0 19 0 0 0 0 0 2 0 0 0 2 1 0 0 1 1
1390151073 401 106 19 0 19 0 0 0 0 0 2 0 0 0 2 1 0 0 1 1
1390154306 401 107 19 0 19 0 0 0 0 0 2 0 0 0 2 1 0 0 1 1
1390156584 401 107 19 0 19 0 0 0 0 0 2 0 0 0 2 1 0 0 1 1
1390157502 402 107 19 0 19 0 0 0 0 0 2 0 0 0 2 1 0 0 1 1
1390157805 402 108 19 0 19 0 0 0 0 0 2 0 0 0 2 1 0 0 1 1
1390159269 402 109 19 0 19 0 0 0 0 0 2 0 0 0 2 1 0 0 1 1
1390166707 403 109 19 0 19 0 0 0 0 0 2 0 0 0 2 1 0 0 1 1
1390178558 404 109 19 0 19 0 0 0 0 0 2 0 0 0 2 1 0 0 1 1
1390185404 405 109 19 0 19 0 0 0 0 0 2 0 0 0 2 1 0 0 1 1
1390195251 406 109 19 0 19 0 0 0 0 0 2 0 0 0 2 1 0 0 1 1
1390196151 407 109 19 0 19 0 0 0 0 0 2 0 0 0 2 1 0 0 1 1
1390197395 408 109 19 0 19 0 0 0 0 0 2 0 0 0 2 1 0 0 1 1
1390229197 408 109 19 0 19 0 0 1 0 0 2 0 0 0 2 1 0 0 1 1
1390246487 408 109 19 0 19 0 0 2 0 0 2 0 0 0 2 1 0 0 1 1
1390249405 408 110 19 0 19 0 0 2 0 0 2 0 0 0 2 1 0 0 1 1
1390279612 408 110 19 0 19 0 0 2 1 0 2 0 0 0 2 1 0 0 1 1
1390283044 409 110 19 0 19 0 0 3 1 0 2 0 0 0 2 1 0 0 1 1
1390321300 410 110 19 0 19 0 0 3 1 0 2 0 0 0 2 1 0 0 1 1
1390399558 410 110 19 0 19 0 0 3 1 0 2 0 0 0 2 1 0 0 1 1
1390417598 411 110 19 0 19 0 0 3 1 0 2 0 0 0 2 1 0 0 1 1
1390457177 412 110 19 0 19 0 0 3 1 0 2 0 0 0 2 1 0 0 1 1
1390458044 413 110 19 0 19 0 0 3 1 0 2 0 0 0 2 1 0 0 1 1
1390460507 413 110 19 0 19 0 0 3 2 0 2 0 0 0 2 1 0 0 1 1
1390504103 413 111 19 0 19 0 0 3 2 0 2 0 0 0 2 1 0 0 1 1
1390513106 413 111 19 0 19 0 0 3 2 0 2 0 0 0 2 1 0 0 1 1
1390533545 413 112 19 0 19 0 0 3 2 0 2 0 0 0 2 1 0 0 1 1
1390536357 413 113 19 0 19 0 0 3 2 0 2 0 0 0 2 1 0 0 1 1
1390572431 413 113 19 1 19 0 0 3 2 0 2 0 0 0 2 1 0 0 1 1
1390688423 413 114 19 1 19 0 0 3 2 0 2 0 0 0 2 1 0 0 1 1
1390688996 413 115 19 1 19 0 0 3 2 0 2 0 0 0 2 1 0 0 1 1
1390856205 413 115 20 1 19 0 0 3 2 0 2 0 0 0 2 1 0 0 1 1
1390856449 413 115 21 1 19 0 0 3 2 0 2 0 0 0 2 1 0 0 1 1
1390883455 413 116 21 1 19 0 0 3 2 0 2 0 0 0 2 1 0 0 1 1
1390883499 413 117 21 1 19 0 0 3 2 0 2 0 0 0 2 1 0 0 1 1
1390939306 414 117 21 1 19 0 0 3 2 0 2 0 0 0 2 1 0 0 1 1
1390939313 415 117 21 1 19 0 0 3 2 0 2 0 0 0 2 1 0 0 1 1
1390942437 416 117 21 1 19 0 0 3 2 0 2 0 0 0 2 1 0 0 1 1
1390942438 417 117 21 1 19 0 0 3 2 0 2 0 0 0 2 1 0 0 1 1
1390953760 417 117 21 1 19 0 0 3 2 0 2 0 0 0 2 2 0 0 1 1
1390971056 418 117 21 1 19 0 0 3 2 0 2 0 0 0 2 2 0 0 1 1
1390997439 418 117 22 1 19 0 0 3 2 0 2 0 0 0 2 2 0 0 1 1
1390999222 418 117 23 1 19 0 0 3 2 0 2 0 0 0 2 2 0 0 1 1
1391003567 418 117 23 1 19 0 0 3 2 0 3 0 0 0 2 2 0 0 1 1
1391033216 419 117 23 1 19 0 0 3 2 0 3 0 0 0 2 2 0 0 1 1
1391033222 420 117 23 1 19 0 0 3 2 0 3 0 0 0 2 2 0 0 1 1
1391043928 421 117 23 1 19 0 0 3 2 0 3 0 0 0 2 2 0 0 1 1
1391045707 422 117 23 1 19 0 0 3 2 0 3 0 0 0 2 2 0 0 1 1
1391047261 423 117 23 1 19 0 0 3 2 0 3 0 0 0 2 2 0 0 1 1
1391112582 424 117 23 1 19 0 0 3 2 0 3 0 0 0 2 2 0 0 1 1
1391127120 424 117 24 1 19 0 0 3 2 0 3 0 0 0 2 2 0 0 1 1
1391127166 424 117 25 1 19 0 0 3 2 0 3 0 0 0 2 2 0 0 1 1
1391127542 424 117 26 1 19 0 0 3 2 0 3 0 0 0 2 2 0 0 1 1
1391148725 425 117 26 1 19 0 0 3 2 0 3 0 0 0 2 2 0 0 1 1
1391148730 426 117 26 1 19 0 0 3 2 0 3 0 0 0 2 2 0 0 1 1
1391167788 426 117 26 1 19 0 0 3 2 0 3 0 0 0 2 2 1 0 1 1
1391172389 426 117 27 1 19 0 0 3 2 0 3 0 0 0 2 2 1 0 1 1
1391172423 426 117 28 1 19 0 0 3 2 0 3 0 0 0 2 2 1 0 1 1
1391237929 427 117 28 1 19 0 0 3 2 0 3 0 0 0 2 2 1 0 1 1
1391237933 428 117 28 1 19 0 0 3 2 0 3 0 0 0 2 2 1 0 1 1
1391243477 429 117 28 1 19 0 0 3 2 0 3 0 0 0 2 2 1 0 1 1
1391301762 430 117 28 1 19 0 0 3 2 0 3 0 0 0 2 2 1 0 1 1
1391303555 430 118 28 1 19 0 0 3 2 0 3 0 0 0 2 2 1 0 1 1
1391303698 430 119 28 1 19 0 0 3 2 0 3 0 0 0 2 2 1 0 1 1
1391304937 430 120 28 1 19 0 0 3 2 0 3 0 0 0 2 2 1 0 1 1
1391314315 431 120 28 1 19 0 0 3 2 0 3 0 0 0 2 2 1 0 1 1
1391314321 432 120 28 1 19 0 0 3 2 0 3 0 0 0 2 2 1 0 1 1
1391370518 433 120 28 1 19 0 0 3 2 0 3 0 0 0 2 2 1 0 1 1
1391372315 434 120 28 1 19 0 0 3 2 0 3 0 0 0 2 2 1 0 1 1
1391436218 434 120 28 1 19 0 0 3 2 0 3 1 0 0 2 2 1 0 1 1
1391436359 434 120 28 1 19 0 0 3 2 0 3 2 0 0 2 2 1 0 1 1
1391478859 434 120 28 1 19 0 0 3 2 1 3 2 0 0 2 2 1 0 1 1
1391480294 435 120 28 1 19 0 0 3 2 1 3 2 0 0 2 2 1 0 1 1
1391480921 436 120 28 1 19 0 0 3 2 1 3 2 0 0 2 2 1 0 1 1
1391489690 437 120 28 1 19 0 0 3 2 1 3 2 0 0 2 2 1 0 1 1
1391497222 437 120 28 1 19 0 0 3 2 2 3 2 0 0 2 2 1 0 1 1
1391497291 437 120 28 1 19 0 0 3 2 3 3 2 0 0 2 2 1 0 1 1
1391498533 437 120 28 1 19 0 0 3 2 4 3 2 0 0 2 2 1 0 1 1
1391518660 437 120 28 2 19 0 0 3 2 4 3 2 0 0 2 2 1 0 1 1
1391518719 437 120 28 3 19 0 0 3 2 4 3 2 0 0 2 2 1 0 1 1
1391540682 438 120 28 3 19 0 0 3 2 4 3 2 0 0 2 2 1 0 1 1
1391541876 439 120 28 3 19 0 0 3 2 4 3 2 0 0 2 2 1 0 1 1
1391543764 440 120 28 3 19 0 0 3 2 4 3 2 0 0 2 2 1 0 1 1
1391545391 441 120 28 3 19 0 0 3 2 4 3 2 0 0 2 2 1 0 1 1
1391583646 442 120 28 3 19 0 0 3 2 4 3 2 0 0 2 2 1 0 1 1
1391619418 443 120 28 3 19 0 0 3 2 4 3 2 0 0 2 2 1 0 1 1
1391674914 444 120 28 3 19 0 0 3 2 4 3 2 0 0 2 2 1 0 1 1
1391779893 444 120 29 3 19 0 0 3 2 4 3 2 0 0 2 2 1 0 1 1
1391812482 444 120 29 3 19 0 0 3 2 4 3 3 0 0 2 2 1 0 1 1
1392097529 445 120 29 3 19 0 0 3 2 4 3 3 0 0 2 2 1 0 1 1
1392099293 446 120 29 3 19 0 0 3 2 4 3 3 0 0 2 2 1 0 1 1
1392133665 447 120 29 3 19 0 0 3 2 4 3 3 0 0 2 2 1 0 1 1
1392160770 448 120 29 3 19 0 0 3 2 4 3 3 0 0 2 2 1 0 1 1
1392178295 448 121 29 3 19 0 0 3 2 4 3 3 0 0 2 2 1 0 1 1
1392178335 448 122 29 3 19 0 0 3 2 4 3 3 0 0 2 2 1 0 1 1
1392205620 448 122 30 3 19 0 0 3 2 4 3 3 0 0 2 2 1 0 1 1
1392205883 448 122 31 3 19 0 0 3 2 4 3 3 0 0 2 2 1 0 1 1
1392210886 448 122 32 3 19 0 0 3 2 4 3 3 0 0 2 2 1 0 1 1
1392217316 448 123 32 3 19 0 0 3 2 4 3 3 0 0 2 2 1 0 1 1
1392266063 449 123 32 3 19 0 0 3 2 4 3 3 0 0 2 2 1 0 1 1
1392266096 450 123 32 3 19 0 0 3 2 4 3 3 0 0 2 2 1 0 1 1
1392268855 451 123 32 3 19 0 0 3 2 4 3 3 0 0 2 2 1 0 1 1
1392292633 451 123 33 3 19 0 0 3 2 4 3 3 0 0 2 2 1 0 1 1
1392325917 451 124 33 3 19 0 0 3 2 4 3 3 0 0 2 2 1 0 1 1
1392326079 451 125 33 3 19 0 0 3 2 4 3 3 0 0 2 2 1 0 1 1
1392349780 451 126 33 3 19 0 0 3 2 4 3 3 0 0 2 2 1 0 1 1
1392372144 451 126 33 3 19 0 1 3 2 4 3 3 0 0 2 2 1 0 1 1
1392426412 452 126 33 3 19 0 1 3 2 4 3 3 0 0 2 2 1 0 1 1
1392428110 453 126 33 3 19 0 1 3 2 4 3 3 0 0 2 2 1 0 1 1
1392428382 454 126 33 3 19 0 1 3 2 4 3 3 0 0 2 2 1 0 1 1
1392447029 455 126 33 3 19 0 1 3 2 4 3 3 0 0 2 2 1 0 1 1
1392447067 456 126 33 3 19 0 1 3 2 4 3 3 0 0 2 2 1 0 1 1
1392485847 456 127 33 3 19 0 1 3 2 4 3 3 0 0 2 2 1 0 1 1
1392503625 456 128 33 3 19 0 1 3 2 4 3 3 0 0 2 2 1 0 1 1
1392503681 456 129 33 3 19 0 1 3 2 4 3 3 0 0 2 2 1 0 1 1
1392516937 456 130 33 3 19 0 1 3 2 4 3 3 0 0 2 2 1 0 1 1
1392520296 456 131 33 3 19 0 1 3 2 4 3 3 0 0 2 2 1 0 1 1
1392522523 456 132 33 3 19 0 1 3 2 4 3 3 0 0 2 2 1 0 1 1
1392531662 457 132 33 3 19 0 1 3 2 4 3 3 0 0 2 2 1 0 1 1
1392531722 458 132 33 3 19 0 1 3 2 4 3 3 0 0 2 2 1 0 1 1
1392531854 459 132 33 3 19 0 1 3 2 4 3 3 0 0 2 2 1 0 1 1
1392603671 459 133 33 3 19 0 1 3 2 4 3 3 0 0 2 2 1 0 1 1
1392603736 459 134 33 3 19 0 1 3 2 4 3 3 0 0 2 2 1 0 1 1
1392604017 459 135 33 3 19 0 1 3 2 4 3 3 0 0 2 2 1 0 1 1
1392604159 460 135 33 3 19 0 1 3 2 4 3 3 0 0 2 2 1 0 1 1
1392604173 461 135 33 3 19 0 1 3 2 4 3 3 0 0 2 2 1 0 1 1
1392605841 462 135 33 3 19 0 1 3 2 4 3 3 0 0 2 2 1 0 1 1
1392614299 463 135 33 3 19 0 1 4 2 4 3 3 0 0 2 2 1 0 1 1
1392750246 464 135 33 3 19 0 1 5 2 4 3 3 0 0 2 2 1 0 1 1
1392835406 465 135 33 3 19 0 1 5 2 4 3 3 0 0 2 2 1 0 1 1
1392865393 466 135 33 3 19 0 1 5 2 4 3 3 0 0 2 2 1 0 1 1
1392936835 466 136 33 3 19 0 1 5 2 4 3 3 0 0 2 2 1 0 1 1
1392936895 466 137 33 3 19 0 1 5 2 4 3 3 0 0 2 2 1 0 1 1
1392954252 467 137 33 3 19 0 1 5 2 4 3 3 0 0 2 2 1 0 1 1
1392958533 468 137 33 3 19 0 1 5 2 4 3 3 0 0 2 2 1 0 1 1
1392958559 469 137 33 3 19 0 1 5 2 4 3 3 0 0 2 2 1 0 1 1
1392963305 470 137 33 3 19 0 1 5 2 4 3 3 0 0 2 2 1 0 1 1
1392965264 471 137 33 3 19 0 1 5 2 4 3 3 0 0 2 2 1 0 1 1
1392966541 472 137 33 3 19 0 1 5 2 4 3 3 0 0 2 2 1 0 1 1
1393023499 473 137 33 3 19 0 1 5 2 4 3 3 0 0 2 2 1 0 1 1
1393023839 474 137 33 3 19 0 1 5 2 4 3 3 0 0 2 2 1 0 1 1
1393060465 475 137 33 3 19 0 1 5 2 4 3 3 0 0 2 2 1 0 1 1
1393143451 475 137 33 3 19 0 1 5 3 4 3 3 0 0 2 2 1 0 1 1
1393168108 475 137 33 3 19 0 1 5 4 4 3 3 0 0 2 2 1 0 1 1
1393220763 475 137 33 3 19 0 1 5 4 4 3 3 1 0 2 2 1 0 1 1
1393225621 475 137 33 3 19 0 1 5 4 4 3 3 2 0 2 2 1 0 1 1
1393282083 475 138 33 3 19 0 1 5 4 4 3 3 2 0 2 2 1 0 1 1
1393287747 475 139 33 3 19 0 1 5 4 4 3 3 2 0 2 2 1 0 1 1
1393336218 475 139 33 3 19 0 1 5 4 4 3 3 3 0 2 2 1 0 1 1
1393369043 475 139 33 4 19 0 1 5 4 4 3 3 3 0 2 2 1 0 1 1
1393369063 475 139 33 5 19 0 1 5 4 4 3 3 3 0 2 2 1 0 1 1
1393379704 476 139 33 5 19 0 1 5 4 4 3 3 3 0 2 2 1 0 1 1
1393379855 477 139 33 5 19 0 1 5 4 4 3 3 3 0 2 2 1 0 1 1
1393379940 478 139 33 5 19 0 1 5 4 4 3 3 3 3 2 2 1 0 1 1
1393446382 479 139 33 5 19 0 1 5 4 4 3 3 3 3 2 2 1 0 1 1
1393453462 479 140 33 5 19 0 1 5 4 4 3 3 3 3 2 2 1 0 1 1
1393526762 479 141 33 5 19 0 1 5 4 4 3 3 3 3 2 2 1 0 1 1
1393540816 479 141 33 6 19 0 1 5 4 4 3 3 3 3 2 2 1 0 1 1
1393540841 479 141 33 7 19 0 1 5 4 4 3 3 3 3 2 2 1 0 1 1
1393570585 480 141 33 7 19 0 1 5 4 4 3 3 3 3 2 2 1 0 1 1
1393570633 481 141 33 7 19 0 1 5 4 4 3 3 3 3 2 2 1 0 1 1
1393584453 481 141 34 7 19 0 1 5 4 4 3 3 3 3 2 2 1 0 1 1
1393586340 481 141 34 7 19 0 2 5 4 4 3 3 3 3 2 2 1 0 1 1
1393589227 481 141 34 7 19 0 3 5 4 4 3 3 3 3 2 2 1 0 1 1
1393618918 482 141 34 7 19 0 3 5 4 4 3 3 3 3 2 2 1 0 1 1
1393653506 482 141 34 7 19 0 4 5 4 4 3 3 3 3 2 2 1 0 1 1
1393655357 483 141 34 7 19 0 4 5 4 4 3 3 3 3 2 2 1 0 1 1
1393656257 484 141 34 7 19 0 4 5 4 4 3 3 3 3 2 2 1 0 1 1
1393660042 485 141 34 7 19 0 4 5 4 4 3 3 3 3 2 2 1 0 1 1
1393666747 485 141 34 7 19 0 5 5 4 4 3 3 3 3 2 2 1 0 1 1
1393709756 485 141 35 7 19 0 5 5 4 4 3 3 3 3 2 2 1 0 1 1
1393710452 485 141 36 7 19 0 5 5 4 4 3 3 3 3 2 2 1 0 1 1
1393725732 486 141 36 7 19 0 5 5 4 4 3 3 3 3 2 2 1 0 1 1
1393741254 487 141 36 7 19 0 5 5 4 4 3 3 3 3 2 2 1 0 1 1
1393744594 488 141 36 7 19 0 5 5 4 4 3 3 3 3 2 2 1 0 1 1
1393802911 488 141 37 7 19 0 5 5 4 4 3 3 3 3 2 2 1 0 1 1
1393803238 488 141 38 7 19 0 5 5 4 4 3 3 3 3 2 2 1 0 1 1
1393842778 488 141 39 7 19 0 5 5 4 4 3 3 3 3 2 2 1 0 1 1
1393845536 488 141 39 8 19 0 5 5 4 4 3 3 3 3 2 2 1 0 1 1
1393845561 488 141 39 9 19 0 5 5 4 4 3 3 3 3 2 2 1 0 1 1
1393880515 488 141 40 9 19 0 5 5 4 4 3 3 3 3 2 2 1 0 1 1
1393881911 488 142 40 9 19 0 5 5 4 4 3 3 3 3 2 2 1 0 1 1
1393883067 488 143 40 9 19 0 5 5 4 4 3 3 3 3 2 2 1 0 1 1
1394199910 488 143 40 10 19 0 5 5 4 4 3 3 3 3 2 2 1 0 1 1
1394231260 488 144 40 10 19 0 5 5 4 4 3 3 3 3 2 2 1 0 1 1
1394311839 488 145 40 10 19 0 5 5 4 4 3 3 3 3 2 2 1 0 1 1
1394317594 488 146 40 10 19 0 5 5 4 4 3 3 3 3 2 2 1 0 1 1
1394413522 488 147 40 10 19 0 5 5 4 4 3 3 3 3 2 2 1 0 1 1
1394416916 488 148 40 10 19 0 5 5 4 4 3 3 3 3 2 2 1 0 1 1
1394477619 488 149 40 10 19 0 5 5 4 4 3 3 3 3 2 2 1 0 1 1
1394489787 488 150 40 10 19 0 5 5 4 4 3 3 3 3 2 2 1 0 1 1
1394653665 488 151 40 10 19 0 5 5 4 4 3 3 3 3 2 2 1 0 1 1
1394658877 488 151 40 11 19 0 5 5 4 4 3 3 3 3 2 2 1 0 1 1
1394678858 488 152 40 11 19 0 5 5 4 4 3 3 3 3 2 2 1 0 1 1
1394678888 488 153 40 11 19 0 5 5 4 4 3 3 3 3 2 2 1 0 1 1
1394714865 488 153 41 11 19 0 5 5 4 4 3 3 3 3 2 2 1 0 1 1
1394726594 488 153 42 11 19 1 5 5 4 4 3 3 3 3 2 2 1 0 1 1
1395053943 488 153 42 12 19 1 5 5 4 4 3 3 3 3 2 2 1 0 1 1
1395054204 488 153 42 13 19 1 5 5 4 4 3 3 3 3 2 2 1 0 1 1
1395425559 488 153 42 14 19 1 5 5 4 4 3 3 3 3 2 2 1 0 1 1
1396203495 488 154 42 14 19 1 5 5 4 4 3 3 3 3 2 2 1 0 1 1
1396262918 488 154 42 15 19 1 5 5 4 4 3 3 3 3 2 2 1 0 1 1
1396263237 488 154 42 16 19 1 5 5 4 4 3 3 3 3 2 2 1 0 1 1
1396278261 488 155 42 16 19 1 5 5 4 4 3 3 3 3 2 2 1 0 1 1
1396296379 488 155 42 16 19 2 5 5 4 4 3 3 3 3 2 2 1 0 1 1
1396334139 488 155 42 17 19 2 5 5 4 4 3 3 3 3 2 2 1 0 1 1
1396356751 488 155 42 18 19 2 5 5 4 4 3 3 3 3 2 2 1 0 1 1
1396361971 488 155 43 18 19 2 5 5 4 4 3 3 3 3 2 2 1 0 1 1
1396362549 488 155 44 18 19 2 5 5 4 4 3 3 3 3 2 2 1 0 1 1
1396396341 488 155 44 18 19 3 5 5 4 4 3 3 3 3 2 2 1 0 1 1
1396436636 488 155 44 19 19 3 5 5 4 4 3 3 3 3 2 2 1 0 1 1
1396455777 488 155 44 19 19 4 5 5 4 4 3 3 3 3 2 2 1 0 1 1
1396467268 488 156 44 19 19 4 5 5 4 4 3 3 3 3 2 2 1 0 1 1
1396467704 488 157 44 19 19 4 5 5 4 4 3 3 3 3 2 2 1 0 1 1
1396609298 488 157 44 20 19 4 5 5 4 4 3 3 3 3 2 2 1 0 1 1
1396807539 488 157 44 20 19 5 5 5 4 4 3 3 3 3 2 2 1 0 1 1
1396810645 488 157 44 20 19 6 5 5 4 4 3 3 3 3 2 2 1 0 1 1
1396818202 488 158 44 20 19 6 5 5 4 4 3 3 3 3 2 2 1 0 1 1
1396818343 488 159 44 20 19 6 5 5 4 4 3 3 3 3 2 2 1 0 1 1
1396823975 488 159 44 20 19 7 5 5 4 4 3 3 3 3 2 2 1 0 1 1
1396824362 488 160 44 20 19 7 5 5 4 4 3 3 3 3 2 2 1 0 1 1
1396866700 488 160 44 20 19 7 5 5 4 4 3 3 3 3 2 2 2 0 1 1
1396877453 488 160 44 20 19 8 5 5 4 4 3 3 3 3 2 2 2 0 1 1
1396880060 488 160 44 20 19 9 5 5 4 4 3 3 3 3 2 2 2 0 1 1
1396884662 488 160 44 20 19 10 5 5 4 4 3 3 3 3 2 2 2 0 1 1
1396903498 488 160 44 20 19 11 5 5 4 4 3 3 3 3 2 2 2 0 1 1
1396905657 488 160 44 20 19 12 5 5 4 4 3 3 3 3 2 2 2 0 1 1
1396963346 488 161 44 20 19 12 5 5 4 4 3 3 3 3 2 2 2 0 1 1
1397040048 488 161 45 20 19 12 5 5 4 4 3 3 3 3 2 2 2 0 1 1
1397040136 488 161 46 20 19 12 5 5 4 4 3 3 3 3 2 2 2 0 1 1
1397050877 488 162 46 20 19 12 5 5 4 4 3 3 3 3 2 2 2 0 1 1
1397051170 488 162 47 20 19 12 5 5 4 4 3 3 3 3 2 2 2 0 1 1
1397051373 488 162 48 20 19 12 5 5 4 4 3 3 3 3 2 2 2 0 1 1
1397082858 488 162 48 20 19 13 5 5 4 4 3 3 3 3 2 2 2 0 1 1
1397086663 488 162 48 20 19 14 5 5 4 4 3 3 3 3 2 2 2 0 1 1
1397652694 488 162 48 21 19 14 5 5 4 4 3 3 3 3 2 2 2 0 1 1
1397804519 488 163 48 21 19 14 5 5 4 4 3 3 3 3 2 2 2 0 1 1
1398231531 488 163 48 21 19 14 5 5 4 4 3 3 3 3 2 2 2 1 1 1
1398882022 488 163 48 22 19 14 5 5 4 4 3 3 3 3 2 2 2 1 1 1
1398955331 488 164 48 22 19 14 5 5 4 4 3 3 3 3 2 2 2 1 1 1
1398955354 488 165 48 22 19 14 5 5 4 4 3 3 3 3 2 2 2 1 1 1
1398956924 488 166 48 22 19 14 5 5 4 4 3 3 3 3 2 2 2 1 1 1
1399552659 488 166 48 23 19 14 5 5 4 4 3 3 3 3 2 2 2 1 1 1
1399635150 488 166 48 24 19 14 5 5 4 4 3 3 3 3 2 2 2 1 1 1
1399988731 488 166 48 25 19 14 5 5 4 4 3 3 3 3 2 2 2 1 1 1
1400014029 488 166 49 25 19 14 5 5 4 4 3 3 3 3 2 2 2 1 1 1
1400065188 488 166 50 25 19 14 5 5 4 4 3 3 3 3 2 2 2 1 1 1
1400156978 488 166 50 26 19 14 5 5 4 4 3 3 3 3 2 2 2 1 1 1
1400489185 488 166 51 26 19 14 5 5 4 4 3 3 3 3 2 2 2 1 1 1
1400837905 488 166 51 27 19 14 5 5 4 4 3 3 3 3 2 2 2 1 1 1
1400859474 488 166 52 27 19 14 5 5 4 4 3 3 3 3 2 2 2 1 1 1
1400873296 488 166 53 27 19 14 5 5 4 4 3 3 3 3 2 2 2 1 1 1
1401101549 488 166 54 27 19 14 5 5 4 4 3 3 3 3 2 2 2 1 1 1
1401199435 488 166 55 27 19 14 5 5 4 4 3 3 3 3 2 2 2 1 1 1
1401442761 488 166 56 27 19 14 5 5 4 4 3 3 3 3 2 2 2 1 1 1
1401450941 488 166 57 27 19 14 5 5 4 4 3 3 3 3 2 2 2 1 1 1
1401452749 488 166 58 27 19 14 5 5 4 4 3 3 3 3 2 2 2 1 1 1
1401455583 488 166 59 27 19 14 5 5 4 4 3 3 3 3 2 2 2 1 1 1
1401703404 488 166 60 27 19 14 5 5 4 4 3 3 3 3 2 2 2 1 1 1
1402328144 488 166 61 27 19 14 5 5 4 4 3 3 3 3 2 2 2 1 1 1
1402329853 488 166 62 27 19 14 5 5 4 4 3 3 3 3 2 2 2 1 1 1
1402750468 488 166 63 27 19 14 5 5 4 4 3 3 3 3 2 2 2 1 1 1
1403598512 488 166 63 28 19 14 5 5 4 4 3 3 3 3 2 2 2 1 1 1
1404322084 488 166 63 28 19 15 5 5 4 4 3 3 3 3 2 2 2 1 1 1
1404322733 488 166 63 28 19 16 5 5 4 4 3 3 3 3 2 2 2 1 1 1
1405462474 488 166 63 28 19 16 5 5 4 4 3 3 3 3 2 2 2 1 1 1
