1374881637 44191
1374994698 44600
1375024633 44648
1375024660 44663
1375050500 44886
1375052350 44964
1375056812 45156
1375057078 43715
1375062393 43738
1375064122 43767
1375065037 43734
1375069015 43868
1375069054 43879
1375071958 43917
1375074512 43923
1375108731 43944
1375148494 44061
1375148646 44064
1375154099 44048
1375157133 44160
1375160724 44249
1375163733 44295
1375202064 44375
1375211043 44419
1375226444 44592
1375232274 44710
1375246026 44742
1375291076 44884
1375328147 45029
1375334755 45081
1375369056 45081
1375370466 45114
1375392392 45132
1375393175 45158
1375394281 45173
1375398459 45208
1375401110 45259
1375413972 45292
1375414462 45296
1375414995 45315
1375418462 45366
1375468297 45377
1375478169 45405
1375584511 45748
1375668724 45492
1375669739 45524
1375799661 45620
1375801417 45642
1375804185 45683
1375806880 45688
1375813440 45774
1375823665 45779
1375823794 45860
1375831604 46015
1376085649 46025
1376086623 46407
1376186076 46471
1376186123 46883
1376226282 47226
1376229988 47227
1376231215 47232
1376234624 47236
1376237590 47234
1376255213 47236
1376448343 47238
1376448358 47732
1376449771 48072
1376457170 48103
1376496620 48060
1376509050 48116
1376522617 48142
1376524947 48252
1376525059 48247
1376531504 48285
1376536866 48343
1376549896 48420
1376636596 48469
1376636633 48800
1376698643 48803
1377149015 49432
1377149361 50711
1377149484 50738
1378093244 50762
1378129281 50776
1378129370 53448
1378142152 53459
1378145464 53483
1378145614 53493
1378147254 53487
1378156294 53566
1378157545 53599
1378161103 53665
1378175863 53674
1378190634 53827
1378255871 53834
1378257430 53847
1378257746 53841
1378271562 53867
1378274552 53872
1378276925 53881
1378278791 53881
1378326218 53633
1378329203 53710
1378331891 53741
1378333234 53787
1378427787 54078
1378427824 53992
1378428040 54001
1378433541 53941
1378435104 53985
1378446893 54385
1378567075 54385
1378582376 54457
1378589515 54616
1378590580 54617
1378604376 54717
1378676388 54725
1378687366 54787
1378687420 54787
1378687501 54789
1378687707 54802
1378687742 54804
1378705785 55123
1378772755 55273
1378855379 55274
1378855397 55831
1379025499 55848
1379037384 60637
1379044555 60637
1379169758 62793
1379203941 62976
1379369781 63178
1379378576 63197
1379470107 63200
1379601811 63278
1379603971 63271
1379723898 63271
1379723916 63537
1379735577 63633
1379765232 63764
1379803020 63842
1379805513 64594
1379820118 64617
1379820153 64750
1379861008 64733
1380425031 64882
1380691440 64947
1380764664 65012
1381084275 58327
1381256895 58593
1381464243 58626
1381464247 58631
1381464277 58661
1381547302 58670
1381673929 58679
1382062076 58690
1382062789 58697
1382233712 58698
1382316706 58705
1382417117 58601
1382578584 58607
1382825107 58445
1382842721 58449
1382842726 58452
1382888027 58484
1382888828 58499
1383347224 58505
1383347228 58514
1384670946 58579
1384670962 58579
1384675187 58623
1385086712 58718
1385092506 58809
1385316051 58812
1385321131 58669
1385335308 58836
1385434021 58838
1385434231 57967
1385435252 57966
1385440916 57966
1385440985 58033
1386293121 58067
1386293137 58099
1386373528 58135
1386400533 58211
1386401541 58208
1386404355 58244
1386460327 58247
1386460341 58247
1386520047 58260
1386520053 58256
1386568225 58865
1386646006 59001
1386646753 59026
1386647476 59071
1387093459 59098
1387244475 59103
1387244538 59103
1387252484 59156
1387254095 59161
1387329461 59161
1387329465 59183
1387391014 59180
1387391821 59181
1388000101 59283
1388000104 59421
1388548320 59517
1388549236 59626
1388777818 60735
1388791359 60767
1388798393 60776
1390150986 60830
1390151073 63602
1390157502 63650
1390157805 63651
1390159269 63651
1390572431 63678
1396436636 70374
1396467268 70385
1396467704 70389
1396609298 70214
1396807539 71253
1396810645 71169
1396823975 71174
1397040048 71175
1397040136 71354
1397051170 71353
1397051373 71398
1397082858 71402
1397086663 71401
1397652694 71406
1397804519 71407
1398955331 71416
1398955354 71457
1398956924 71459
1399552659 71460
1399635150 71464
1400014029 71771
1400065188 71772
1400156978 71779
1400489185 71779
1400859474 71778
1400873296 71780
1401101549 71782
1401199435 71789
1401442761 71801
1401450941 71812
1401452749 71833
1401455583 71836
1401703404 71836
1402328144 71857
1402329853 71857
1402750468 71868
1403598512 71869
1404322084 71869
1404322733 71870
1405462474 71906
