1374881637 44191 0 0 0 0 0 0 0 0 0 0 0 0 0 0 0 0 0 0 0
1374994698 44727 0 0 0 0 0 0 0 0 0 0 0 0 0 0 0 0 0 0 0
1375024633 44775 0 0 0 0 0 0 0 0 0 0 0 0 0 0 0 0 0 0 0
1375024660 44808 0 0 0 0 0 0 0 0 0 0 0 0 0 0 0 0 0 0 0
1375050500 45135 0 0 0 0 0 0 0 0 0 0 0 0 0 0 0 0 0 0 0
1375052350 45213 0 0 0 0 0 0 0 0 0 0 0 0 0 0 0 0 0 0 0
1375056812 45450 0 0 0 0 0 0 0 0 0 0 0 0 0 0 0 0 0 0 0
1375057078 45450 0 0 0 0 0 0 0 0 0 0 0 0 0 0 0 0 0 0 0
1375062393 45494 0 0 0 0 0 0 0 0 0 0 0 0 0 0 0 0 0 0 0
1375064122 45533 0 0 0 0 0 0 0 0 0 0 0 0 0 0 0 0 0 0 0
1375065037 45533 0 0 0 0 0 0 0 0 0 0 0 0 0 0 0 0 0 0 0
1375069015 45667 0 0 0 0 0 0 0 0 0 0 0 0 0 0 0 0 0 0 0
1375069054 45696 0 0 0 0 0 0 0 0 0 0 0 0 0 0 0 0 0 0 0
1375071958 45764 0 0 0 0 0 0 0 0 0 0 0 0 0 0 0 0 0 0 0
1375074512 45773 0 0 0 0 0 0 0 0 0 0 0 0 0 0 0 0 0 0 0
1375108731 45794 0 0 0 0 0 0 0 0 0 0 0 0 0 0 0 0 0 0 0
1375148494 45921 0 0 0 0 0 0 0 0 0 0 0 0 0 0 0 0 0 0 0
1375148646 45924 0 0 0 0 0 0 0 0 0 0 0 0 0 0 0 0 0 0 0
1375154099 45924 0 0 0 0 0 0 0 0 0 0 0 0 0 0 0 0 0 0 0
1375157133 46036 0 0 0 0 0 0 0 0 0 0 0 0 0 0 0 0 0 0 0
1375160724 46151 0 0 0 0 0 0 0 0 0 0 0 0 0 0 0 0 0 0 0
1375163733 46198 0 0 0 0 0 0 0 0 0 0 0 0 0 0 0 0 0 0 0
1375202064 46297 0 0 0 0 0 0 0 0 0 0 0 0 0 0 0 0 0 0 0
1375211043 46352 0 0 0 0 0 0 0 0 0 0 0 0 0 0 0 0 0 0 0
1375226444 46583 0 0 0 0 0 0 0 0 0 0 0 0 0 0 0 0 0 0 0
1375232274 46709 0 0 0 0 0 0 0 0 0 0 0 0 0 0 0 0 0 0 0
1375246026 46742 0 0 0 0 0 0 0 0 0 0 0 0 0 0 0 0 0 0 0
1375291076 46918 0 0 0 0 0 0 0 0 0 0 0 0 0 0 0 0 0 0 0
1375328147 47100 0 0 0 0 0 0 0 0 0 0 0 0 0 0 0 0 0 0 0
1375334755 47159 0 0 0 0 0 0 0 0 0 0 0 0 0 0 0 0 0 0 0
1375369056 47210 0 0 0 0 0 0 0 0 0 0 0 0 0 0 0 0 0 0 0
1375370466 47247 0 0 0 0 0 0 0 0 0 0 0 0 0 0 0 0 0 0 0
1375392392 47286 0 0 0 0 0 0 0 0 0 0 0 0 0 0 0 0 0 0 0
1375393175 47312 0 0 0 0 0 0 0 0 0 0 0 0 0 0 0 0 0 0 0
1375394281 47334 0 0 0 0 0 0 0 0 0 0 0 0 0 0 0 0 0 0 0
1375398459 47385 0 0 0 0 0 0 0 0 0 0 0 0 0 0 0 0 0 0 0
1375401110 47443 0 0 0 0 0 0 0 0 0 0 0 0 0 0 0 0 0 0 0
1375413972 47497 0 0 0 0 0 0 0 0 0 0 0 0 0 0 0 0 0 0 0
1375414462 47503 0 0 0 0 0 0 0 0 0 0 0 0 0 0 0 0 0 0 0
1375414995 47522 0 0 0 0 0 0 0 0 0 0 0 0 0 0 0 0 0 0 0
1375418462 47573 0 0 0 0 0 0 0 0 0 0 0 0 0 0 0 0 0 0 0
1375468297 47588 0 0 0 0 0 0 0 0 0 0 0 0 0 0 0 0 0 0 0
1375478169 47620 0 0 0 0 0 0 0 0 0 0 0 0 0 0 0 0 0 0 0
1375584511 47986 0 0 0 0 0 0 0 0 0 0 0 0 0 0 0 0 0 0 0
1375668724 48051 0 0 0 0 0 0 0 0 0 0 0 0 0 0 0 0 0 0 0
1375669739 48084 0 0 0 0 0 0 0 0 0 0 0 0 0 0 0 0 0 0 0
1375799661 48192 0 0 0 0 0 0 0 0 0 0 0 0 0 0 0 0 0 0 0
1375801417 48221 0 0 0 0 0 0 0 0 0 0 0 0 0 0 0 0 0 0 0
1375804185 48265 0 0 0 0 0 0 0 0 0 0 0 0 0 0 0 0 0 0 0
1375806880 48274 0 0 0 0 0 0 0 0 0 0 0 0 0 0 0 0 0 0 0
1375813440 48379 0 0 0 0 0 0 0 0 0 0 0 0 0 0 0 0 0 0 0
1375823665 48385 0 0 0 0 0 0 0 0 0 0 0 0 0 0 0 0 0 0 0
1375823794 48470 0 0 0 0 0 0 0 0 0 0 0 0 0 0 0 0 0 0 0
1375831604 48628 0 0 0 0 0 0 0 0 0 0 0 0 0 0 0 0 0 0 0
1375907586 48636 0 0 0 0 0 0 0 0 0 0 0 0 0 0 0 0 0 0 0
1375915907 48676 0 0 0 0 0 0 0 0 0 0 0 0 0 0 0 0 0 0 0
1375929133 48676 0 0 0 0 0 0 0 0 0 0 0 0 0 0 0 0 0 0 0
1375969749 48850 0 0 0 0 0 0 0 0 0 0 0 0 0 0 0 0 0 0 0
1375970697 48858 0 0 0 0 0 0 0 0 0 0 0 0 0 0 0 0 0 0 0
1375971579 48905 0 0 0 0 0 0 0 0 0 0 0 0 0 0 0 0 0 0 0
1375973209 48995 0 0 0 0 0 0 0 0 0 0 0 0 0 0 0 0 0 0 0
1375990246 48998 0 0 0 0 0 0 0 0 0 0 0 0 0 0 0 0 0 0 0
1375990258 49087 0 0 0 0 0 0 0 0 0 0 0 0 0 0 0 0 0 0 0
1375994315 49141 0 0 0 0 0 0 0 0 0 0 0 0 0 0 0 0 0 0 0
1376011943 49143 0 0 0 0 0 0 0 0 0 0 0 0 0 0 0 0 0 0 0
1376013752 49144 0 0 0 0 0 0 0 0 0 0 0 0 0 0 0 0 0 0 0
1376013867 49151 0 0 0 0 0 0 0 0 0 0 0 0 0 0 0 0 0 0 0
1376023206 49265 0 0 0 0 0 0 0 0 0 0 0 0 0 0 0 0 0 0 0
1376025572 49452 0 0 0 0 0 0 0 0 0 0 0 0 0 0 0 0 0 0 0
1376025588 49455 0 0 0 0 0 0 0 0 0 0 0 0 0 0 0 0 0 0 0
1376027048 49486 0 0 0 0 0 0 0 0 0 0 0 0 0 0 0 0 0 0 0
1376027918 49519 0 0 0 0 0 0 0 0 0 0 0 0 0 0 0 0 0 0 0
1376030300 49588 0 0 0 0 0 0 0 0 0 0 0 0 0 0 0 0 0 0 0
1376081746 49646 0 0 0 0 0 0 0 0 0 0 0 0 0 0 0 0 0 0 0
1376085649 49646 29 0 0 0 0 0 0 0 0 0 0 0 0 0 0 0 0 0 0
1376086623 49646 29 0 0 0 0 0 0 0 0 0 0 0 0 0 0 0 0 0 0
1376091628 49661 29 0 0 0 0 0 0 0 0 0 0 0 0 0 0 0 0 0 0
1376116317 49829 29 0 0 0 0 0 0 0 0 0 0 0 0 0 0 0 0 0 0
1376116325 49835 29 0 0 0 0 0 0 0 0 0 0 0 0 0 0 0 0 0 0
1376149085 49909 29 0 0 0 0 0 0 0 0 0 0 0 0 0 0 0 0 0 0
1376149226 49974 29 0 0 0 0 0 0 0 0 0 0 0 0 0 0 0 0 0 0
1376150385 49975 29 0 0 0 0 0 0 0 0 0 0 0 0 0 0 0 0 0 0
1376151307 50051 29 0 0 0 0 0 0 0 0 0 0 0 0 0 0 0 0 0 0
1376152157 50073 29 0 0 0 0 0 0 0 0 0 0 0 0 0 0 0 0 0 0
1376186076 50073 117 0 0 0 0 0 0 0 0 0 0 0 0 0 0 0 0 0 0
1376186123 50073 117 0 0 0 0 0 0 0 0 0 0 0 0 0 0 0 0 0 0
1376196402 50329 117 0 0 0 0 0 0 0 0 0 0 0 0 0 0 0 0 0 0
1376198977 50341 117 0 0 0 0 0 0 0 0 0 0 0 0 0 0 0 0 0 0
1376200804 50430 117 0 0 0 0 0 0 0 0 0 0 0 0 0 0 0 0 0 0
1376226282 50430 117 0 0 0 0 0 0 0 0 0 0 0 0 0 0 0 0 0 0
1376229988 50430 118 0 0 0 0 0 0 0 0 0 0 0 0 0 0 0 0 0 0
1376231215 50437 118 0 0 0 0 0 0 0 0 0 0 0 0 0 0 0 0 0 0
1376234624 50444 118 0 0 0 0 0 0 0 0 0 0 0 0 0 0 0 0 0 0
1376237590 50444 118 0 0 0 0 0 0 0 0 0 0 0 0 0 0 0 0 0 0
1376248071 50464 118 0 0 0 0 0 0 0 0 0 0 0 0 0 0 0 0 0 0
1376248334 50464 118 0 0 0 0 0 0 0 0 0 0 0 0 0 0 0 0 0 0
1376254962 50476 118 0 0 0 0 0 0 0 0 0 0 0 0 0 0 0 0 0 0
1376254983 50480 118 0 0 0 0 0 0 0 0 0 0 0 0 0 0 0 0 0 0
1376255213 50480 121 0 0 0 0 0 0 0 0 0 0 0 0 0 0 0 0 0 0
1376259598 50805 121 0 0 0 0 0 0 0 0 0 0 0 0 0 0 0 0 0 0
1376259973 50805 121 0 0 0 0 0 0 0 0 0 0 0 0 0 0 0 0 0 0
1376260183 50805 121 0 0 0 0 0 0 0 0 0 0 0 0 0 0 0 0 0 0
1376260505 50805 121 0 0 0 0 0 0 0 0 0 0 0 0 0 0 0 0 0 0
1376261038 50832 121 0 0 0 0 0 0 0 0 0 0 0 0 0 0 0 0 0 0
1376268272 50984 121 0 0 0 0 0 0 0 0 0 0 0 0 0 0 0 0 0 0
1376272891 51070 121 0 0 0 0 0 0 0 0 0 0 0 0 0 0 0 0 0 0
1376275132 51221 121 0 0 0 0 0 0 0 0 0 0 0 0 0 0 0 0 0 0
1376279441 51313 121 0 0 0 0 0 0 0 0 0 0 0 0 0 0 0 0 0 0
1376284454 52732 121 0 0 0 0 0 0 0 0 0 0 0 0 0 0 0 0 0 0
1376285830 52844 121 0 0 0 0 0 0 0 0 0 0 0 0 0 0 0 0 0 0
1376287709 52908 121 0 0 0 0 0 0 0 0 0 0 0 0 0 0 0 0 0 0
1376323036 52962 121 0 0 0 0 0 0 0 0 0 0 0 0 0 0 0 0 0 0
1376332945 53079 121 0 0 0 0 0 0 0 0 0 0 0 0 0 0 0 0 0 0
1376337813 53085 121 0 0 0 0 0 0 0 0 0 0 0 0 0 0 0 0 0 0
1376337833 53192 121 0 0 0 0 0 0 0 0 0 0 0 0 0 0 0 0 0 0
1376339494 53206 121 0 0 0 0 0 0 0 0 0 0 0 0 0 0 0 0 0 0
1376363744 53239 121 0 0 0 0 0 0 0 0 0 0 0 0 0 0 0 0 0 0
1376365993 53251 121 0 0 0 0 0 0 0 0 0 0 0 0 0 0 0 0 0 0
1376371422 53251 121 0 0 0 0 0 0 0 0 0 0 0 0 0 0 0 0 0 0
1376428183 53470 121 0 0 0 0 0 0 0 0 0 0 0 0 0 0 0 0 0 0
1376428288 53662 121 0 0 0 0 0 0 0 0 0 0 0 0 0 0 0 0 0 0
1376443312 53931 121 0 0 0 0 0 0 0 0 0 0 0 0 0 0 0 0 0 0
1376448343 53931 125 0 0 0 0 0 0 0 0 0 0 0 0 0 0 0 0 0 0
1376448358 53931 125 0 0 0 0 0 0 0 0 0 0 0 0 0 0 0 0 0 0
1376449771 53931 466 0 0 0 0 0 0 0 0 0 0 0 0 0 0 0 0 0 0
1376457170 54008 466 0 0 0 0 0 0 0 0 0 0 0 0 0 0 0 0 0 0
1376496620 54073 466 0 0 0 0 0 0 0 0 0 0 0 0 0 0 0 0 0 0
1376509050 54210 466 0 0 0 0 0 0 0 0 0 0 0 0 0 0 0 0 0 0
1376522617 54249 466 0 0 0 0 0 0 0 0 0 0 0 0 0 0 0 0 0 0
1376524947 54359 466 0 0 0 0 0 0 0 0 0 0 0 0 0 0 0 0 0 0
1376525059 54380 466 0 0 0 0 0 0 0 0 0 0 0 0 0 0 0 0 0 0
1376531504 54447 466 0 0 0 0 0 0 0 0 0 0 0 0 0 0 0 0 0 0
1376536866 54514 466 0 0 0 0 0 0 0 0 0 0 0 0 0 0 0 0 0 0
1376549896 54631 466 0 0 0 0 0 0 0 0 0 0 0 0 0 0 0 0 0 0
1376636596 54680 466 0 0 0 0 0 0 0 0 0 0 0 0 0 0 0 0 0 0
1376636633 55470 466 0 0 0 0 0 0 0 0 0 0 0 0 0 0 0 0 0 0
1376698643 55470 473 0 0 0 0 0 0 0 0 0 0 0 0 0 0 0 0 0 0
1376705135 55470 473 0 0 0 0 0 0 0 0 0 0 0 0 0 0 0 0 0 0
1376707601 55687 473 0 0 0 0 0 0 0 0 0 0 0 0 0 0 0 0 0 0
1376707608 55687 473 0 0 0 0 0 0 0 0 0 0 0 0 0 0 0 0 0 0
1376717601 55722 473 0 0 0 0 0 0 0 0 0 0 0 0 0 0 0 0 0 0
1376847286 55816 473 0 0 0 0 0 0 0 0 0 0 0 0 0 0 0 0 0 0
1376860462 55891 473 0 0 0 0 0 0 0 0 0 0 0 0 0 0 0 0 0 0
1376861496 55926 473 0 0 0 0 0 0 0 0 0 0 0 0 0 0 0 0 0 0
1376865808 56079 473 0 0 0 0 0 0 0 0 0 0 0 0 0 0 0 0 0 0
1376867425 56110 473 0 0 0 0 0 0 0 0 0 0 0 0 0 0 0 0 0 0
1376869418 56213 473 0 0 0 0 0 0 0 0 0 0 0 0 0 0 0 0 0 0
1376875056 56237 473 0 0 0 0 0 0 0 0 0 0 0 0 0 0 0 0 0 0
1376876736 56238 473 0 0 0 0 0 0 0 0 0 0 0 0 0 0 0 0 0 0
1376883790 56359 473 0 0 0 0 0 0 0 0 0 0 0 0 0 0 0 0 0 0
1376885795 56396 473 0 0 0 0 0 0 0 0 0 0 0 0 0 0 0 0 0 0
1376891232 56422 473 0 0 0 0 0 0 0 0 0 0 0 0 0 0 0 0 0 0
1376891258 56453 473 0 0 0 0 0 0 0 0 0 0 0 0 0 0 0 0 0 0
1376893328 56484 473 0 0 0 0 0 0 0 0 0 0 0 0 0 0 0 0 0 0
1376895836 56557 473 0 0 0 0 0 0 0 0 0 0 0 0 0 0 0 0 0 0
1376901784 56568 473 0 0 0 0 0 0 0 0 0 0 0 0 0 0 0 0 0 0
1376903116 56569 473 0 0 0 0 0 0 0 0 0 0 0 0 0 0 0 0 0 0
1376941729 56698 473 0 0 0 0 0 0 0 0 0 0 0 0 0 0 0 0 0 0
1376960495 56937 473 0 0 0 0 0 0 0 0 0 0 0 0 0 0 0 0 0 0
1376968894 57053 473 0 0 0 0 0 0 0 0 0 0 0 0 0 0 0 0 0 0
1376974903 57249 473 0 0 0 0 0 0 0 0 0 0 0 0 0 0 0 0 0 0
1377050042 57355 473 0 0 0 0 0 0 0 0 0 0 0 0 0 0 0 0 0 0
1377054450 57386 473 0 0 0 0 0 0 0 0 0 0 0 0 0 0 0 0 0 0
1377063745 57648 473 0 0 0 0 0 0 0 0 0 0 0 0 0 0 0 0 0 0
1377096582 57683 473 0 0 0 0 0 0 0 0 0 0 0 0 0 0 0 0 0 0
1377108580 57913 473 0 0 0 0 0 0 0 0 0 0 0 0 0 0 0 0 0 0
1377113832 57958 473 0 0 0 0 0 0 0 0 0 0 0 0 0 0 0 0 0 0
1377147328 58003 473 0 0 0 0 0 0 0 0 0 0 0 0 0 0 0 0 0 0
1377149015 58003 1102 0 0 0 0 0 0 0 0 0 0 0 0 0 0 0 0 0 0
1377149361 58003 1102 0 0 0 0 0 0 0 0 0 0 0 0 0 0 0 0 0 0
1377149484 58003 1129 0 0 0 0 0 0 0 0 0 0 0 0 0 0 0 0 0 0
1377156687 58040 1129 0 0 0 0 0 0 0 0 0 0 0 0 0 0 0 0 0 0
1377156756 58040 1129 0 0 0 0 0 0 0 0 0 0 0 0 0 0 0 0 0 0
1377221754 58253 1129 0 0 0 0 0 0 0 0 0 0 0 0 0 0 0 0 0 0
1377228473 58264 1129 0 0 0 0 0 0 0 0 0 0 0 0 0 0 0 0 0 0
1377303126 58386 1129 0 0 0 0 0 0 0 0 0 0 0 0 0 0 0 0 0 0
1377312320 58396 1129 0 0 0 0 0 0 0 0 0 0 0 0 0 0 0 0 0 0
1377327407 58418 1129 0 0 0 0 0 0 0 0 0 0 0 0 0 0 0 0 0 0
1377332668 58421 1129 0 0 0 0 0 0 0 0 0 0 0 0 0 0 0 0 0 0
1377389241 58684 1129 0 0 0 0 0 0 0 0 0 0 0 0 0 0 0 0 0 0
1377394129 58714 1129 0 0 0 0 0 0 0 0 0 0 0 0 0 0 0 0 0 0
1377394366 58716 1129 0 0 0 0 0 0 0 0 0 0 0 0 0 0 0 0 0 0
1377395451 58737 1129 0 0 0 0 0 0 0 0 0 0 0 0 0 0 0 0 0 0
1377475863 58767 1129 0 0 0 0 0 0 0 0 0 0 0 0 0 0 0 0 0 0
1377475941 58773 1129 0 0 0 0 0 0 0 0 0 0 0 0 0 0 0 0 0 0
1377476037 58779 1129 0 0 0 0 0 0 0 0 0 0 0 0 0 0 0 0 0 0
1377492322 58779 1129 0 0 0 0 0 0 0 0 0 0 0 0 0 0 0 0 0 0
1377496593 58814 1129 0 0 0 0 0 0 0 0 0 0 0 0 0 0 0 0 0 0
1377496655 58841 1129 0 0 0 0 0 0 0 0 0 0 0 0 0 0 0 0 0 0
1377497252 58874 1129 0 0 0 0 0 0 0 0 0 0 0 0 0 0 0 0 0 0
1377567197 58876 1129 0 0 0 0 0 0 0 0 0 0 0 0 0 0 0 0 0 0
1377570062 58890 1129 0 0 0 0 0 0 0 0 0 0 0 0 0 0 0 0 0 0
1377585085 58890 1129 0 0 0 0 0 0 0 0 0 0 0 0 0 0 0 0 0 0
1377585808 59057 1129 0 0 0 0 0 0 0 0 0 0 0 0 0 0 0 0 0 0
1377585812 59057 1129 0 0 0 0 0 0 0 0 0 0 0 0 0 0 0 0 0 0
1377649316 59098 1129 0 0 0 0 0 0 0 0 0 0 0 0 0 0 0 0 0 0
1377654178 59261 1129 0 0 0 0 0 0 0 0 0 0 0 0 0 0 0 0 0 0
1377655813 59280 1129 0 0 0 0 0 0 0 0 0 0 0 0 0 0 0 0 0 0
1377663588 59288 1129 0 0 0 0 0 0 0 0 0 0 0 0 0 0 0 0 0 0
1377663606 59288 1129 0 0 0 0 0 0 0 0 0 0 0 0 0 0 0 0 0 0
1377704368 59323 1129 0 0 0 0 0 0 0 0 0 0 0 0 0 0 0 0 0 0
1377704374 59323 1129 0 0 0 0 0 0 0 0 0 0 0 0 0 0 0 0 0 0
1377714882 59406 1129 0 0 0 0 0 0 0 0 0 0 0 0 0 0 0 0 0 0
1377724262 59611 1129 0 0 0 0 0 0 0 0 0 0 0 0 0 0 0 0 0 0
1377730662 59748 1129 0 0 0 0 0 0 0 0 0 0 0 0 0 0 0 0 0 0
1377759840 59849 1129 0 0 0 0 0 0 0 0 0 0 0 0 0 0 0 0 0 0
1377803330 59857 1129 0 0 0 0 0 0 0 0 0 0 0 0 0 0 0 0 0 0
1377830056 60044 1129 0 0 0 0 0 0 0 0 0 0 0 0 0 0 0 0 0 0
1377838343 60121 1129 0 0 0 0 0 0 0 0 0 0 0 0 0 0 0 0 0 0
1377841153 60187 1129 0 0 0 0 0 0 0 0 0 0 0 0 0 0 0 0 0 0
1377843747 60362 1129 0 0 0 0 0 0 0 0 0 0 0 0 0 0 0 0 0 0
1377908825 60490 1129 0 0 0 0 0 0 0 0 0 0 0 0 0 0 0 0 0 0
1377913151 60509 1129 0 0 0 0 0 0 0 0 0 0 0 0 0 0 0 0 0 0
1377916588 60578 1129 0 0 0 0 0 0 0 0 0 0 0 0 0 0 0 0 0 0
1377921249 60701 1129 0 0 0 0 0 0 0 0 0 0 0 0 0 0 0 0 0 0
1377921868 60717 1129 0 0 0 0 0 0 0 0 0 0 0 0 0 0 0 0 0 0
1377922764 60745 1129 0 0 0 0 0 0 0 0 0 0 0 0 0 0 0 0 0 0
1377971799 60840 1129 0 0 0 0 0 0 0 0 0 0 0 0 0 0 0 0 0 0
1377985485 61133 1129 0 0 0 0 0 0 0 0 0 0 0 0 0 0 0 0 0 0
1377987180 61167 1129 0 0 0 0 0 0 0 0 0 0 0 0 0 0 0 0 0 0
1377989220 61258 1129 0 0 0 0 0 0 0 0 0 0 0 0 0 0 0 0 0 0
1378009414 61258 1129 0 0 0 0 0 0 0 0 0 0 0 0 0 0 0 0 0 316
1378079082 61281 1129 0 0 0 0 0 0 0 0 0 0 0 0 0 0 0 0 0 316
1378081261 61307 1129 0 0 0 0 0 0 0 0 0 0 0 0 0 0 0 0 0 316
1378093244 61307 1167 0 0 0 0 0 0 0 0 0 0 0 0 0 0 0 0 0 316
1378098950 61347 1167 0 0 0 0 0 0 0 0 0 0 0 0 0 0 0 0 0 316
1378099995 61384 1167 0 0 0 0 0 0 0 0 0 0 0 0 0 0 0 0 0 316
1378101092 61418 1167 0 0 0 0 0 0 0 0 0 0 0 0 0 0 0 0 0 316
1378109998 61610 1167 0 0 0 0 0 0 0 0 0 0 0 0 0 0 0 0 0 316
1378129281 61610 1206 0 0 0 0 0 0 0 0 0 0 0 0 0 0 0 0 0 316
1378129370 61610 1206 0 0 0 0 0 0 0 0 0 0 0 0 0 0 0 0 0 316
1378142152 61610 1222 0 0 0 0 0 0 0 0 0 0 0 0 0 0 0 0 0 316
1378144457 61628 1222 0 0 0 0 0 0 0 0 0 0 0 0 0 0 0 0 0 316
1378144464 61628 1222 0 0 0 0 0 0 0 0 0 0 0 0 0 0 0 0 0 316
1378145464 61628 1250 0 0 0 0 0 0 0 0 0 0 0 0 0 0 0 0 0 316
1378145614 61628 1250 0 0 0 0 0 0 0 0 0 0 0 0 0 0 0 0 0 316
1378146676 61630 1250 0 0 0 0 0 0 0 0 0 0 0 0 0 0 0 0 0 316
1378147254 61630 1250 0 0 0 0 0 0 0 0 0 0 0 0 0 0 0 0 0 316
1378156294 61630 1383 0 0 0 0 0 0 0 0 0 0 0 0 0 0 0 0 0 316
1378157545 61630 1420 0 0 0 0 0 0 0 0 0 0 0 0 0 0 0 0 0 316
1378161103 61630 1496 0 0 0 0 0 0 0 0 0 0 0 0 0 0 0 0 0 316
1378175863 61630 1568 0 0 0 0 0 0 0 0 0 0 0 0 0 0 0 0 0 316
1378190634 61844 1568 0 0 0 0 0 0 0 0 0 0 0 0 0 0 0 0 0 316
1378255871 61844 1590 0 0 0 0 0 0 0 0 0 0 0 0 0 0 0 0 0 316
1378257430 61861 1590 0 0 0 0 0 0 0 0 0 0 0 0 0 0 0 0 0 316
1378257746 61861 1590 0 0 0 0 0 0 0 0 0 0 0 0 0 0 0 0 0 316
1378271562 61895 1590 0 0 0 0 0 0 0 0 0 0 0 0 0 0 0 0 0 316
1378274552 61903 1590 0 0 0 0 0 0 0 0 0 0 0 0 0 0 0 0 0 316
1378276925 61915 1590 0 0 0 0 0 0 0 0 0 0 0 0 0 0 0 0 0 316
1378278791 61926 1590 0 0 0 0 0 0 0 0 0 0 0 0 0 0 0 0 0 316
1378326218 62073 1590 0 0 0 0 0 0 0 0 0 0 0 0 0 0 0 0 0 316
1378329203 62156 1590 0 0 0 0 0 0 0 0 0 0 0 0 0 0 0 0 0 316
1378331891 62189 1590 0 0 0 0 0 0 0 0 0 0 0 0 0 0 0 0 0 316
1378333234 62238 1590 0 0 0 0 0 0 0 0 0 0 0 0 0 0 0 0 0 316
1378420736 62327 1590 0 0 0 0 0 0 0 0 0 0 0 0 0 0 0 0 0 316
1378421054 62327 1590 0 0 0 0 0 0 0 0 0 0 0 0 0 0 0 0 0 316
1378422148 62346 1590 0 0 0 0 0 0 0 0 0 0 0 0 0 0 0 0 0 316
1378427787 62346 1887 0 0 0 0 0 0 0 0 0 0 0 0 0 0 0 0 0 316
1378427824 62346 1887 0 0 0 0 0 0 0 0 0 0 0 0 0 0 0 0 0 316
1378428040 62346 1896 0 0 0 0 0 0 0 0 0 0 0 0 0 0 0 0 0 316
1378433541 62383 1896 0 0 0 0 0 0 0 0 0 0 0 0 0 0 0 0 0 316
1378435104 62434 1896 0 0 0 0 0 0 0 0 0 0 0 0 0 0 0 0 0 316
1378446893 62882 1896 0 0 0 0 0 0 0 0 0 0 0 0 0 0 0 0 0 316
1378567075 62882 1900 0 0 0 0 0 0 0 0 0 0 0 0 0 0 0 0 0 316
1378582376 62882 2018 0 0 0 0 0 0 0 0 0 0 0 0 0 0 0 0 0 316
1378589515 62882 2192 0 0 0 0 0 0 0 0 0 0 0 0 0 0 0 0 0 316
1378590580 62882 2194 0 0 0 0 0 0 0 0 0 0 0 0 0 0 0 0 0 316
1378604376 62882 2300 0 0 0 0 0 0 0 0 0 0 0 0 0 0 0 0 0 316
1378676388 62934 2300 0 0 0 0 0 0 0 0 0 0 0 0 0 0 0 0 0 316
1378687366 62996 2300 0 0 0 0 0 0 0 0 0 0 0 0 0 0 0 0 0 316
1378687420 63019 2300 0 0 0 0 0 0 0 0 0 0 0 0 0 0 0 0 0 316
1378687501 63021 2300 0 0 0 0 0 0 0 0 0 0 0 0 0 0 0 0 0 316
1378687707 63035 2300 0 0 0 0 0 0 0 0 0 0 0 0 0 0 0 0 0 316
1378687742 63037 2300 0 0 0 0 0 0 0 0 0 0 0 0 0 0 0 0 0 316
1378705785 63441 2300 0 0 0 0 0 0 0 0 0 0 0 0 0 0 0 0 0 316
1378772755 63597 2300 0 0 0 0 0 0 0 0 0 0 0 0 0 0 0 0 0 316
1378791375 64281 2300 0 0 0 0 0 0 0 0 0 0 0 0 0 0 0 0 0 316
1378855379 64281 2301 0 0 0 0 0 0 0 0 0 0 0 0 0 0 0 0 0 316
1378855397 64281 2301 0 0 0 0 0 0 0 0 0 0 0 0 0 0 0 0 0 316
1378878077 64723 2301 0 0 0 0 0 0 0 0 0 0 0 0 0 0 0 0 0 316
1378884827 64813 2301 0 0 0 0 0 0 0 0 0 0 0 0 0 0 0 0 0 316
1378887950 64972 2301 0 0 0 0 0 0 0 0 0 0 0 0 0 0 0 0 0 316
1378921097 65779 2301 0 0 0 0 0 0 0 0 0 0 0 0 0 0 0 0 0 316
1378937664 65912 2301 0 0 0 0 0 0 0 0 0 0 0 0 0 0 0 0 0 316
1378938529 66140 2301 0 0 0 0 0 0 0 0 0 0 0 0 0 0 0 0 0 316
1378968730 66690 2301 0 0 0 0 0 0 0 0 0 0 0 0 0 0 0 0 0 316
1378975358 67307 2301 0 0 0 0 0 0 0 0 0 0 0 0 0 0 0 0 0 316
1379006957 70104 2301 0 0 0 0 0 0 0 0 0 0 0 0 0 0 0 0 0 316
1379007882 70114 2301 0 0 0 0 0 0 0 0 0 0 0 0 0 0 0 0 0 316
1379010453 70251 2301 0 0 0 0 0 0 0 0 0 0 0 0 0 0 0 0 0 316
1379017728 70509 2301 0 0 0 0 0 0 0 0 0 0 0 0 0 0 0 0 0 316
1379018068 70509 2301 0 0 0 0 0 0 0 0 0 0 0 0 0 0 0 0 0 316
1379020122 70581 2301 0 0 0 0 0 0 0 0 0 0 0 0 0 0 0 0 0 316
1379025499 70581 2321 0 0 0 0 0 0 0 0 0 0 0 0 0 0 0 0 0 316
1379035204 70714 2321 0 0 0 0 0 0 0 0 0 0 0 0 0 0 0 0 0 316
1379037384 70714 2321 0 0 0 0 0 0 0 0 0 0 0 0 0 0 0 0 0 316
1379044263 70720 2321 0 0 0 0 0 0 0 0 0 0 0 0 0 0 0 0 0 316
1379044555 70720 2321 0 0 0 0 0 0 0 0 0 0 0 0 0 0 0 0 0 316
1379051774 71628 2321 0 0 0 0 0 0 0 0 0 0 0 0 0 0 0 0 0 316
1379052458 71635 2321 0 0 0 0 0 0 0 0 0 0 0 0 0 0 0 0 0 316
1379062658 72584 2321 0 0 0 0 0 0 0 0 0 0 0 0 0 0 0 0 0 316
1379096946 72672 2321 0 0 0 0 0 0 0 0 0 0 0 0 0 0 0 0 0 316
1379100522 72683 2321 0 0 0 0 0 0 0 0 0 0 0 0 0 0 0 0 0 316
1379112992 72792 2321 0 0 0 0 0 0 0 0 0 0 0 0 0 0 0 0 0 316
1379118787 72853 2321 0 0 0 0 0 0 0 0 0 0 0 0 0 0 0 0 0 316
1379128414 73161 2321 0 0 0 0 0 0 0 0 0 0 0 0 0 0 0 0 0 316
1379142569 73364 2321 0 0 0 0 0 0 0 0 0 0 0 0 0 0 0 0 0 316
1379169758 73364 2321 0 0 0 0 0 0 0 0 0 0 0 0 0 0 0 0 0 316
1379182059 74348 2321 0 0 0 0 0 0 0 0 0 0 0 0 0 0 0 0 0 316
1379182167 74355 2321 0 0 0 0 0 0 0 0 0 0 0 0 0 0 0 0 0 316
1379182252 74532 2321 0 0 0 0 0 0 0 0 0 0 0 0 0 0 0 0 0 316
1379203941 74532 2321 0 0 0 0 0 0 0 0 0 0 0 0 0 0 0 0 0 316
1379302647 74682 2321 0 0 0 0 0 0 0 0 0 0 0 0 0 0 0 0 0 316
1379306086 74743 2321 0 0 0 0 0 0 0 0 0 0 0 0 0 0 0 0 0 316
1379369781 74743 2321 0 0 0 0 0 0 0 0 0 0 0 0 0 0 0 0 0 316
1379378576 74743 2341 0 0 0 0 0 0 0 0 0 0 0 0 0 0 0 0 0 316
1379470107 74743 2353 0 0 0 0 0 0 0 0 0 0 0 0 0 0 0 0 0 316
1379601811 74835 2353 0 0 0 0 0 0 0 0 0 0 0 0 0 0 0 0 0 316
1379603971 74875 2353 0 0 0 0 0 0 0 0 0 0 0 0 0 0 0 0 0 316
1379636526 74949 2353 0 0 0 0 0 0 0 0 0 0 0 0 0 0 0 0 0 316
1379639634 75145 2353 0 0 0 0 0 0 0 0 0 0 0 0 0 0 0 0 0 316
1379723898 75145 2354 0 0 0 0 0 0 0 0 0 0 0 0 0 0 0 0 0 316
1379723916 75145 2354 0 0 0 0 0 0 0 0 0 0 0 0 0 0 0 0 0 316
1379728841 75234 2354 0 0 0 0 0 0 0 0 0 0 0 0 0 0 0 0 0 316
1379728857 75249 2354 0 0 0 0 0 0 0 0 0 0 0 0 0 0 0 0 0 316
1379735577 75249 2354 0 0 0 0 0 0 0 0 0 0 0 0 0 0 0 0 0 316
1379735882 75406 2354 0 0 0 0 0 0 0 0 0 0 0 0 0 0 0 0 0 316
1379765232 75406 2354 0 0 0 0 0 0 0 0 0 0 0 0 0 0 0 0 0 316
1379782261 75537 2354 0 0 0 0 0 0 0 0 0 0 0 0 0 0 0 0 0 316
1379803020 75537 2354 0 0 0 0 0 0 0 0 0 0 0 0 0 0 0 0 0 316
1379805472 76289 2354 0 0 0 0 0 0 0 0 0 0 0 0 0 0 0 0 0 316
1379805513 76289 2354 0 0 0 0 0 0 0 0 0 0 0 0 0 0 0 0 0 316
1379813940 76408 2354 0 0 0 0 0 0 0 0 0 0 0 0 0 0 0 0 0 316
1379817440 76471 2354 0 0 0 0 0 0 0 0 0 0 0 0 0 0 0 0 0 316
1379818260 76519 2354 0 0 0 0 0 0 0 0 0 0 0 0 0 0 0 0 0 316
1379819807 76563 2354 0 0 0 0 0 0 0 0 0 0 0 0 0 0 0 0 0 316
1379820118 76563 2385 0 0 0 0 0 0 0 0 0 0 0 0 0 0 0 0 0 316
1379820153 76563 2385 0 0 0 0 0 0 0 0 0 0 0 0 0 0 0 0 0 316
1379860938 76563 2385 0 0 0 0 0 0 0 0 0 0 0 0 0 0 0 0 0 316
1379861008 76563 2385 0 0 0 0 0 0 0 0 0 0 0 0 0 0 0 0 0 316
1380425031 76563 2619 0 0 0 0 0 0 0 0 0 0 0 0 0 0 0 0 0 316
1380691440 76563 2684 0 0 0 0 0 0 0 0 0 0 0 0 0 0 0 0 0 316
1380764664 76563 2765 0 0 0 0 0 0 0 0 0 0 0 0 0 0 0 0 0 316
1381084275 76563 2776 0 0 0 0 0 0 0 0 0 0 0 0 0 0 0 0 0 316
1381256895 76853 2776 0 0 0 0 0 0 0 0 0 0 0 0 0 0 0 0 0 316
1381457873 76853 2786 0 0 0 0 0 0 0 0 0 0 0 0 0 0 0 0 0 316
1381458011 76853 2786 0 0 0 0 0 0 0 0 0 0 0 0 0 0 0 0 0 316
1381464243 76886 2786 0 0 0 0 0 0 0 0 0 0 0 0 0 0 0 0 0 316
1381464247 76886 2786 0 0 0 0 0 0 0 0 0 0 0 0 0 0 0 0 0 316
1381464277 76924 2786 0 0 0 0 0 0 0 0 0 0 0 0 0 0 0 0 0 316
1381547302 76957 2786 0 0 0 0 0 0 0 0 0 0 0 0 0 0 0 0 0 316
1381673929 76957 2826 0 0 0 0 0 0 0 0 0 0 0 0 0 0 0 0 0 316
1381772764 76968 2826 0 0 0 0 0 0 0 0 0 0 0 0 0 0 0 0 0 316
1382062076 76968 2902 0 0 0 0 0 0 0 0 0 0 0 0 0 0 0 0 0 316
1382062789 76968 2902 0 0 0 0 0 0 0 0 0 0 0 0 0 0 0 0 0 316
1382233712 76968 2915 0 0 0 0 0 0 0 0 0 0 0 0 0 0 0 0 0 316
1382316706 76968 2922 0 0 0 0 0 0 0 0 0 0 0 0 0 0 0 0 0 316
1382417117 77031 2922 0 0 0 0 0 0 0 0 0 0 0 0 0 0 0 0 0 316
1382578584 77031 2928 0 0 0 0 0 0 0 0 0 0 0 0 0 0 0 0 0 316
1382825107 77054 2928 0 0 0 0 0 0 0 0 0 0 0 0 0 0 0 0 0 316
1382832831 77054 2935 0 0 0 0 0 0 0 0 0 0 0 0 0 0 0 0 0 316
1382842721 77058 2935 0 0 0 0 0 0 0 0 0 0 0 0 0 0 0 0 0 316
1382842726 77058 2935 0 0 0 0 0 0 0 0 0 0 0 0 0 0 0 0 0 316
1382888027 77097 2935 0 0 0 0 0 0 0 0 0 0 0 0 0 0 0 0 0 316
1382888828 77122 2935 0 0 0 0 0 0 0 0 0 0 0 0 0 0 0 0 0 316
1383341959 77122 2950 0 0 0 0 0 0 0 0 0 0 0 0 0 0 0 0 0 316
1383347224 77133 2950 0 0 0 0 0 0 0 0 0 0 0 0 0 0 0 0 0 316
1383347228 77133 2950 0 0 0 0 0 0 0 0 0 0 0 0 0 0 0 0 0 316
1384575204 77137 2950 0 0 0 0 0 0 0 0 0 0 0 0 0 0 0 0 0 316
1384670946 77209 2950 0 0 0 0 0 0 0 0 0 0 0 0 0 0 0 0 0 316
1384670962 77209 2950 0 0 0 0 0 0 0 0 0 0 0 0 0 0 0 0 0 316
1384675187 77263 2950 0 0 0 0 0 0 0 0 0 0 0 0 0 0 0 0 0 316
1385086712 77388 2950 0 0 0 0 0 0 0 0 0 0 0 0 0 0 0 0 0 316
1385092506 77486 2950 0 0 0 0 0 0 0 0 0 0 0 0 0 0 0 0 0 316
1385282296 77672 2950 0 0 0 0 0 0 0 0 0 0 0 0 0 0 0 0 0 316
1385282356 77680 2950 0 0 0 0 0 0 0 0 0 0 0 0 0 0 0 0 0 316
1385316051 77680 2971 0 0 0 0 0 0 0 0 0 0 0 0 0 0 0 0 0 316
1385318268 77681 2971 0 0 0 0 0 0 0 0 0 0 0 0 0 0 0 0 0 316
1385321131 77681 2971 0 0 0 0 0 0 0 0 0 0 0 0 0 0 0 0 0 316
1385335308 77681 2971 0 0 0 0 0 0 0 0 0 0 0 0 0 0 0 0 0 316
1385350168 77681 2971 0 0 0 0 0 0 0 0 0 0 0 0 0 0 0 0 0 316
1385350210 77785 2971 0 0 0 0 0 0 0 0 0 0 0 0 0 0 0 0 0 316
1385350239 77785 2971 0 0 0 0 0 0 0 0 0 0 0 0 0 0 0 0 0 316
1385364842 77801 2971 0 0 0 0 0 0 0 0 0 0 0 0 0 0 0 0 0 316
1385367236 77836 2971 0 0 0 0 0 0 0 0 0 0 0 0 0 0 0 0 0 316
1385368051 77862 2971 0 0 0 0 0 0 0 0 0 0 0 0 0 0 0 0 0 316
1385434021 77862 2973 0 0 0 0 0 0 0 0 0 0 0 0 0 0 0 0 0 316
1385434231 77862 2973 0 0 0 0 0 0 0 0 0 0 0 0 0 0 0 0 0 316
1385435252 77862 2974 0 0 0 0 0 0 0 0 0 0 0 0 0 0 0 0 0 316
1385436413 77924 2974 0 0 0 0 0 0 0 0 0 0 0 0 0 0 0 0 0 316
1385437033 77925 2974 0 0 0 0 0 0 0 0 0 0 0 0 0 0 0 0 0 316
1385437101 77931 2974 0 0 0 0 0 0 0 0 0 0 0 0 0 0 0 0 0 316
1385439411 77934 2974 0 0 0 0 0 0 0 0 0 0 0 0 0 0 0 0 0 316
1385440356 77935 2974 0 0 0 0 0 0 0 0 0 0 0 0 0 0 0 0 0 316
1385440916 77935 2975 0 0 0 0 0 0 0 0 0 0 0 0 0 0 0 0 0 316
1385440985 77935 2975 0 0 0 0 0 0 0 0 0 0 0 0 0 0 0 0 0 316
1385530239 77935 2976 0 0 0 0 0 0 0 0 0 0 0 0 0 0 0 0 0 316
1385851746 77980 2976 0 0 0 0 0 0 0 0 0 0 0 0 0 0 0 0 0 316
1386068564 77980 2976 8 0 0 0 0 0 0 0 0 0 0 0 0 0 0 0 0 316
1386097330 77980 2982 8 0 0 0 0 0 0 0 0 0 0 0 0 0 0 0 0 316
1386293121 78535 2982 8 0 0 0 0 0 0 0 0 0 0 0 0 0 0 0 0 316
1386293137 78535 2982 8 0 0 0 0 0 0 0 0 0 0 0 0 0 0 0 0 316
1386373528 78587 2982 8 0 0 0 0 0 0 0 0 0 0 0 0 0 0 0 0 316
1386400533 78709 2982 8 0 0 0 0 0 0 0 0 0 0 0 0 0 0 0 0 316
1386401541 78723 2982 8 0 0 0 0 0 0 0 0 0 0 0 0 0 0 0 0 316
1386404355 78766 2982 8 0 0 0 0 0 0 0 0 0 0 0 0 0 0 0 0 316
1386444948 78766 2985 8 0 0 0 0 0 0 0 0 0 0 0 0 0 0 0 0 316
1386460327 78771 2985 8 0 0 0 0 0 0 0 0 0 0 0 0 0 0 0 0 316
1386460341 78771 2985 8 0 0 0 0 0 0 0 0 0 0 0 0 0 0 0 0 316
1386461338 78771 2985 11 0 0 0 0 0 0 0 0 0 0 0 0 0 0 0 0 316
1386461526 78771 2985 11 0 0 0 0 0 0 0 0 0 0 0 0 0 0 0 0 316
1386520047 78823 2985 11 0 0 0 0 0 0 0 0 0 0 0 0 0 0 0 0 316
1386520053 78823 2985 11 0 0 0 0 0 0 0 0 0 0 0 0 0 0 0 0 316
1386568225 79432 2985 11 0 0 0 0 0 0 0 0 0 0 0 0 0 0 0 0 316
1386614503 79432 3032 11 0 0 0 0 0 0 0 0 0 0 0 0 0 0 0 0 316
1386614539 79432 3032 11 0 0 0 0 0 0 0 0 0 0 0 0 0 0 0 0 316
1386616728 79432 3034 11 0 0 0 0 0 0 0 0 0 0 0 0 0 0 0 0 316
1386620171 79432 3037 11 0 0 0 0 0 0 0 0 0 0 0 0 0 0 0 0 316
1386630893 79432 3037 12 0 0 0 0 0 0 0 0 0 0 0 0 0 0 0 0 316
1386637281 79432 3037 12 0 5 0 0 0 0 0 0 0 0 0 0 0 0 0 0 316
1386646006 79580 3037 12 0 5 0 0 0 0 0 0 0 0 0 0 0 0 0 0 316
1386646753 79608 3037 12 0 5 0 0 0 0 0 0 0 0 0 0 0 0 0 0 316
1386647476 79731 3037 12 0 5 0 0 0 0 0 0 0 0 0 0 0 0 0 0 316
1387093459 79731 3037 12 0 5 0 0 0 0 0 0 0 0 0 0 0 0 0 0 316
1387240944 79731 3037 12 0 5 0 0 0 0 0 0 0 0 0 0 0 0 0 0 316
1387244475 79736 3037 12 0 5 0 0 0 0 0 0 0 0 0 0 0 0 0 0 316
1387244538 79739 3037 12 0 5 0 0 0 0 0 0 0 0 0 0 0 0 0 0 316
1387252484 79807 3037 12 0 5 0 0 0 0 0 0 0 0 0 0 0 0 0 0 316
1387254095 79812 3037 12 0 5 0 0 0 0 0 0 0 0 0 0 0 0 0 0 316
1387270144 79834 3037 12 0 5 0 0 0 0 0 0 0 0 0 0 0 0 0 0 316
1387279528 79834 3037 12 0 5 0 0 0 0 0 0 0 0 0 0 0 0 0 0 316
1387279660 79834 3037 12 0 5 0 0 0 0 0 0 0 0 0 0 0 0 0 0 316
1387279828 79834 3037 12 0 5 0 0 0 0 0 0 0 0 0 0 0 0 0 0 316
1387294187 79834 3044 12 0 5 0 0 0 0 0 0 0 0 0 0 0 0 0 0 316
1387315597 79834 3048 12 0 5 0 0 0 0 0 0 0 0 0 0 0 0 0 0 316
1387324230 79834 3048 12 0 5 0 0 0 0 0 0 0 0 0 0 0 0 0 0 316
1387324587 79834 3048 12 0 5 0 0 0 0 0 0 0 0 0 0 0 0 0 0 316
1387329461 79836 3048 12 0 5 0 0 0 0 0 0 0 0 0 0 0 0 0 0 316
1387329465 79836 3048 12 0 5 0 0 0 0 0 0 0 0 0 0 0 0 0 0 316
1387344080 79836 3069 12 0 5 0 0 0 0 0 0 0 0 0 0 0 0 0 0 316
1387348447 79836 3069 12 0 5 0 0 0 0 0 0 0 0 0 0 0 0 0 0 316
1387364379 79836 3069 12 0 5 0 0 0 0 0 0 0 0 0 0 0 0 0 0 316
1387364407 79836 3069 12 0 5 0 0 0 0 0 0 0 0 0 0 0 0 0 0 316
1387391001 79848 3069 12 0 5 0 0 0 0 0 0 0 0 0 0 0 0 0 0 316
1387391005 79848 3069 12 0 5 0 0 0 0 0 0 0 0 0 0 0 0 0 0 316
1387391014 79848 3069 12 0 5 0 0 0 0 0 0 0 0 0 0 0 0 0 0 316
1387391793 79854 3069 12 0 5 0 0 0 0 0 0 0 0 0 0 0 0 0 0 316
1387391821 79854 3069 12 0 5 0 0 0 0 0 0 0 0 0 0 0 0 0 0 316
1387410247 79854 3069 12 0 5 0 0 0 0 0 0 0 0 0 0 0 0 0 0 316
1387462696 79854 3069 12 0 5 0 0 0 0 0 0 0 0 0 0 0 0 0 0 316
1387462751 79854 3069 12 0 5 0 0 0 0 0 0 0 0 0 0 0 0 0 0 316
1387473535 79890 3069 12 0 5 0 0 0 0 0 0 0 0 0 0 0 0 0 0 316
1387498854 79890 3069 12 0 5 0 0 0 0 0 0 0 0 0 0 0 0 0 0 316
1387500169 79914 3069 12 0 5 0 0 0 0 0 0 0 0 0 0 0 0 0 0 316
1387503116 79994 3069 12 0 5 0 0 0 0 0 0 0 0 0 0 0 0 0 0 316
1387509146 79994 3069 12 0 5 0 0 0 0 0 0 0 0 0 0 0 0 0 0 316
1387512835 80000 3069 12 0 5 0 0 0 0 0 0 0 0 0 0 0 0 0 0 316
1387520615 80000 3069 12 0 5 0 0 0 0 0 0 0 0 0 0 0 0 0 0 316
1387540667 80000 3069 12 0 5 0 0 0 0 0 0 0 0 0 0 0 0 0 0 316
1387594390 80000 3079 12 0 5 0 0 0 0 0 0 0 0 0 0 0 0 0 0 316
1387601922 80000 3086 12 0 5 0 0 0 0 0 0 0 0 0 0 0 0 0 0 316
1387658457 80000 3100 12 0 5 0 0 0 0 0 0 0 0 0 0 0 0 0 0 316
1387669602 80000 3106 12 0 5 0 0 0 0 0 0 0 0 0 0 0 0 0 0 316
1387686129 80000 3150 12 0 5 0 0 0 0 0 0 0 0 0 0 0 0 0 0 316
1387689015 80002 3150 12 0 5 0 0 0 0 0 0 0 0 0 0 0 0 0 0 316
1387689029 80002 3150 12 0 5 0 0 0 0 0 0 0 0 0 0 0 0 0 0 316
1387689095 80004 3150 12 0 5 0 0 0 0 0 0 0 0 0 0 0 0 0 0 316
1387689703 80004 3152 12 0 5 0 0 0 0 0 0 0 0 0 0 0 0 0 0 316
1387756536 80004 3152 12 0 5 0 0 0 0 0 0 0 0 0 0 0 0 0 0 316
1387756550 80004 3152 12 0 5 0 0 0 0 0 0 0 0 0 0 0 0 0 0 316
1387767529 80004 3152 12 0 5 0 0 0 0 0 0 0 0 0 0 0 0 0 0 316
1387826661 80020 3152 12 0 5 0 0 0 0 0 0 0 0 0 0 0 0 0 0 316
1387934530 80101 3152 12 0 5 0 0 0 0 0 0 0 0 0 0 0 0 0 0 316
1387936319 80118 3152 12 0 5 0 0 0 0 0 0 0 0 0 0 0 0 0 0 316
1387947095 80131 3152 12 0 5 0 0 0 0 0 0 0 0 0 0 0 0 0 0 316
1387954897 80152 3152 12 0 5 0 0 0 0 0 0 0 0 0 0 0 0 0 0 316
1388000101 80152 3152 12 0 5 0 0 0 0 0 0 0 0 0 0 0 0 0 0 316
1388000104 80152 3152 12 0 5 0 0 0 0 0 0 0 0 0 0 0 0 0 0 316
1388381694 80152 3205 12 0 5 0 0 0 0 0 0 0 0 0 0 0 0 0 0 316
1388467325 80152 3265 12 0 5 0 0 0 0 0 0 0 0 0 0 0 0 0 0 316
1388544137 80261 3265 12 0 5 0 0 0 0 0 0 0 0 0 0 0 0 0 0 316
1388548320 80261 3265 12 0 5 0 0 0 0 0 0 0 0 0 0 0 0 0 0 316
1388549236 80261 3265 12 0 5 0 0 0 0 0 0 0 0 0 0 0 0 0 0 316
1388652887 80574 3265 12 0 5 0 0 0 0 0 0 0 0 0 0 0 0 0 0 316
1388765374 80574 3265 42 0 5 0 0 0 0 0 0 0 0 0 0 0 0 0 0 316
1388771766 80705 3265 42 0 5 0 0 0 0 0 0 0 0 0 0 0 0 0 0 316
1388771789 80705 3265 42 0 5 0 0 0 0 0 0 0 0 0 0 0 0 0 0 316
1388773453 81364 3265 42 0 5 0 0 0 0 0 0 0 0 0 0 0 0 0 0 316
1388775401 81364 3279 42 0 5 0 0 0 0 0 0 0 0 0 0 0 0 0 0 316
1388777818 81364 3279 42 0 5 0 0 0 0 0 0 0 0 0 0 0 0 0 0 316
1388779368 81390 3279 42 0 5 0 0 0 0 0 0 0 0 0 0 0 0 0 0 316
1388781971 81406 3279 42 0 5 0 0 0 0 0 0 0 0 0 0 0 0 0 0 316
1388782845 81406 3279 43 0 5 0 0 0 0 0 0 0 0 0 0 0 0 0 0 316
1388791359 81406 3279 43 0 5 0 0 0 0 0 0 0 0 0 0 0 0 0 0 316
1388798393 81416 3279 43 0 5 0 0 0 0 0 0 0 0 0 0 0 0 0 0 316
1388802104 81417 3279 43 0 5 0 0 0 0 0 0 0 0 0 0 0 0 0 0 316
1388901961 81418 3279 43 0 5 0 0 0 0 0 0 0 0 0 0 0 0 0 0 316
1388909910 81568 3279 43 0 5 0 0 0 0 0 0 0 0 0 0 0 0 0 0 316
1388959788 81568 3284 43 0 5 0 0 0 0 0 0 0 0 0 0 0 0 0 0 316
1388959835 81568 3284 43 0 5 0 0 0 0 0 0 0 0 0 0 0 0 0 0 316
1388961855 81568 3296 43 0 5 0 0 0 0 0 0 0 0 0 0 0 0 0 0 316
1388988372 81697 3296 43 0 5 0 0 0 0 0 0 0 0 0 0 0 0 0 0 316
1388988884 81697 3296 43 0 5 0 0 0 0 0 0 0 0 0 0 0 0 0 0 316
1388991693 81837 3296 43 0 5 0 0 0 0 0 0 0 0 0 0 0 0 0 0 316
1389080581 81897 3296 43 0 5 0 0 0 0 0 0 0 0 0 0 0 0 0 0 316
1389133252 81897 3319 43 0 5 0 0 0 0 0 0 0 0 0 0 0 0 0 0 316
1389134025 81897 3319 57 0 5 0 0 0 0 0 0 0 0 0 0 0 0 0 0 316
1389134262 81897 3319 57 0 5 0 0 0 0 0 0 0 0 0 0 0 0 0 0 316
1389158895 82087 3319 57 0 5 0 0 0 0 0 0 0 0 0 0 0 0 0 0 316
1389158910 82087 3319 57 0 5 0 0 0 0 0 0 0 0 0 0 0 0 0 0 316
1389210958 82117 3319 57 0 5 0 0 0 0 0 0 0 0 0 0 0 0 0 0 316
1389228792 82222 3319 57 0 5 0 0 0 0 0 0 0 0 0 0 0 0 0 0 316
1389238239 82317 3319 57 0 5 0 0 0 0 0 0 0 0 0 0 0 0 0 0 316
1389245463 82317 3321 57 0 5 0 0 0 0 0 0 0 0 0 0 0 0 0 0 316
1389270724 82317 3321 210 0 5 0 0 0 0 0 0 0 0 0 0 0 0 0 0 316
1389271121 82317 3321 210 0 5 0 0 0 0 0 0 0 0 0 0 0 0 0 0 316
1389308929 82317 3321 238 0 5 0 0 0 0 0 0 0 0 0 0 0 0 0 0 316
1389325961 82317 3332 238 0 5 0 0 0 0 0 0 0 0 0 0 0 0 0 0 316
1389344114 82469 3332 238 0 5 0 0 0 0 0 0 0 0 0 0 0 0 0 0 316
1389344436 82469 3332 238 0 5 0 0 0 0 0 0 0 0 0 0 0 0 0 0 316
1389360356 82469 3332 238 0 5 0 0 0 0 0 0 0 0 0 0 0 0 0 0 316
1389361172 82469 3332 238 0 5 0 0 0 0 0 0 0 0 0 0 0 0 0 0 316
1389361263 82469 3332 238 0 5 0 0 0 0 0 0 0 0 0 0 0 0 0 0 316
1389367653 82469 3332 275 0 5 0 0 0 0 0 0 0 0 0 0 0 0 0 0 316
1389537354 82469 3332 275 0 5 0 0 0 0 0 0 0 0 0 20 0 0 0 0 316
1389570225 82469 3332 275 0 5 0 0 0 0 0 0 0 0 0 20 0 0 0 0 316
1389689384 83026 3332 275 0 5 0 0 0 0 0 0 0 0 0 20 0 0 0 0 316
1389689947 83026 3332 275 0 5 0 0 0 0 0 0 0 0 0 20 0 0 0 0 316
1389696837 83026 3332 277 0 5 0 0 0 0 0 0 0 0 0 20 0 0 0 0 316
1389725995 83044 3332 277 0 5 0 0 0 0 0 0 0 0 0 20 0 0 0 0 316
1389726015 83044 3332 277 0 5 0 0 0 0 0 0 0 0 0 20 0 0 0 0 316
1389763833 83282 3332 277 0 5 0 0 0 0 0 0 0 0 0 20 0 0 0 0 316
1389813328 83282 3332 277 0 5 0 0 0 0 0 1 0 0 0 20 0 0 0 0 316
1389850023 83591 3332 277 0 5 0 0 0 0 0 1 0 0 0 20 0 0 0 0 316
1389850084 83591 3332 277 0 5 0 0 0 0 0 1 0 0 0 20 0 0 0 0 316
1389868630 83591 3332 277 0 5 0 0 0 0 0 14 0 0 0 20 0 0 0 0 316
1389870834 83591 3332 281 0 5 0 0 0 0 0 14 0 0 0 20 0 0 0 0 316
1389900908 83629 3332 281 0 5 0 0 0 0 0 14 0 0 0 20 0 0 0 0 316
1389904757 83657 3332 281 0 5 0 0 0 0 0 14 0 0 0 20 0 0 0 0 316
1389920198 84502 3332 281 0 5 0 0 0 0 0 14 0 0 0 20 0 0 0 0 316
1389933003 84505 3332 281 0 5 0 0 0 0 0 14 0 0 0 20 0 0 0 0 316
1389937494 84701 3332 281 0 5 0 0 0 0 0 14 0 0 0 20 0 0 0 0 316
1389973309 84701 3332 305 0 5 0 0 0 0 0 14 0 0 0 20 0 0 0 0 316
1389973541 84701 3332 306 0 5 0 0 0 0 0 14 0 0 0 20 0 0 0 0 316
1389975419 84701 3332 354 0 5 0 0 0 0 0 14 0 0 0 20 0 0 0 0 316
1389977622 84701 3332 354 0 5 0 0 0 0 0 14 0 0 0 21 0 0 0 0 316
1389982133 84701 3332 354 0 5 0 0 0 0 0 14 0 0 0 21 0 0 0 0 316
1390101333 84701 3398 354 0 5 0 0 0 0 0 14 0 0 0 21 0 0 0 0 316
1390105603 84911 3398 354 0 5 0 0 0 0 0 14 0 0 0 21 0 0 0 0 316
1390117292 84911 3398 354 0 5 0 0 0 0 0 14 0 0 0 21 26 0 0 0 316
1390150986 84977 3398 354 0 5 0 0 0 0 0 14 0 0 0 21 26 0 0 0 316
1390151073 84977 3398 354 0 5 0 0 0 0 0 14 0 0 0 21 26 0 0 0 316
1390154306 84977 3398 354 0 5 0 0 0 0 0 14 0 0 0 21 26 0 0 0 316
1390156584 84977 3398 354 0 5 0 0 0 0 0 14 0 0 0 21 26 0 0 0 316
1390157502 84977 3398 354 0 5 0 0 0 0 0 14 0 0 0 21 26 0 0 0 316
1390157805 84977 3401 354 0 5 0 0 0 0 0 14 0 0 0 21 26 0 0 0 316
1390159269 84977 3403 354 0 5 0 0 0 0 0 14 0 0 0 21 26 0 0 0 316
1390166707 84977 3403 354 0 5 0 0 0 0 0 14 0 0 0 21 26 0 0 0 316
1390178558 84977 3403 354 0 5 0 0 0 0 0 14 0 0 0 21 26 0 0 0 316
1390185404 85145 3403 354 0 5 0 0 0 0 0 14 0 0 0 21 26 0 0 0 316
1390195251 85358 3403 354 0 5 0 0 0 0 0 14 0 0 0 21 26 0 0 0 316
1390196151 85359 3403 354 0 5 0 0 0 0 0 14 0 0 0 21 26 0 0 0 316
1390197395 85369 3403 354 0 5 0 0 0 0 0 14 0 0 0 21 26 0 0 0 316
1390229197 85369 3403 354 0 5 0 0 13 0 0 14 0 0 0 21 26 0 0 0 316
1390246487 85369 3403 354 0 5 0 0 33 0 0 14 0 0 0 21 26 0 0 0 316
1390249405 85369 3442 354 0 5 0 0 33 0 0 14 0 0 0 21 26 0 0 0 316
1390279612 85369 3442 354 0 5 0 0 33 1 0 14 0 0 0 21 26 0 0 0 316
1390283044 85369 3442 354 0 5 0 0 440 1 0 14 0 0 0 21 26 0 0 0 316
1390321300 85369 3442 354 0 5 0 0 440 1 0 14 0 0 0 21 26 0 0 0 316
1390399558 85369 3442 354 0 5 0 0 440 1 0 14 0 0 0 21 26 0 0 0 316
1390417598 85369 3442 354 0 5 0 0 440 1 0 14 0 0 0 21 26 0 0 0 316
1390457177 85373 3442 354 0 5 0 0 440 1 0 14 0 0 0 21 26 0 0 0 316
1390458044 85374 3442 354 0 5 0 0 440 1 0 14 0 0 0 21 26 0 0 0 316
1390460507 85374 3442 354 0 5 0 0 440 37 0 14 0 0 0 21 26 0 0 0 316
1390504103 85374 3442 354 0 5 0 0 440 37 0 14 0 0 0 21 26 0 0 0 316
1390513106 85374 3442 354 0 5 0 0 440 37 0 14 0 0 0 21 26 0 0 0 316
1390533545 85374 3473 354 0 5 0 0 440 37 0 14 0 0 0 21 26 0 0 0 316
1390536357 85374 3485 354 0 5 0 0 440 37 0 14 0 0 0 21 26 0 0 0 316
1390572431 85374 3485 354 41 5 0 0 440 37 0 14 0 0 0 21 26 0 0 0 316
1390688423 85374 3485 354 41 5 0 0 440 37 0 14 0 0 0 21 26 0 0 0 316
1390688996 85374 3489 354 41 5 0 0 440 37 0 14 0 0 0 21 26 0 0 0 316
1390856205 85374 3489 659 41 5 0 0 440 37 0 14 0 0 0 21 26 0 0 0 316
1390856449 85374 3489 659 41 5 0 0 440 37 0 14 0 0 0 21 26 0 0 0 316
1390883455 85374 3513 659 41 5 0 0 440 37 0 14 0 0 0 21 26 0 0 0 316
1390883499 85374 3513 659 41 5 0 0 440 37 0 14 0 0 0 21 26 0 0 0 316
1390939306 85380 3513 659 41 5 0 0 440 37 0 14 0 0 0 21 26 0 0 0 316
1390939313 85380 3513 659 41 5 0 0 440 37 0 14 0 0 0 21 26 0 0 0 316
1390942437 85381 3513 659 41 5 0 0 440 37 0 14 0 0 0 21 26 0 0 0 316
1390942438 85381 3513 659 41 5 0 0 440 37 0 14 0 0 0 21 26 0 0 0 316
1390953760 85381 3513 659 41 5 0 0 440 37 0 14 0 0 0 21 31 0 0 0 316
1390971056 85520 3513 659 41 5 0 0 440 37 0 14 0 0 0 21 31 0 0 0 316
1390997439 85520 3513 660 41 5 0 0 440 37 0 14 0 0 0 21 31 0 0 0 316
1390999222 85520 3513 671 41 5 0 0 440 37 0 14 0 0 0 21 31 0 0 0 316
1391003567 85520 3513 671 41 5 0 0 440 37 0 30 0 0 0 21 31 0 0 0 316
1391033216 85874 3513 671 41 5 0 0 440 37 0 30 0 0 0 21 31 0 0 0 316
1391033222 85874 3513 671 41 5 0 0 440 37 0 30 0 0 0 21 31 0 0 0 316
1391043928 86508 3513 671 41 5 0 0 440 37 0 30 0 0 0 21 31 0 0 0 316
1391045707 86557 3513 671 41 5 0 0 440 37 0 30 0 0 0 21 31 0 0 0 316
1391047261 86581 3513 671 41 5 0 0 440 37 0 30 0 0 0 21 31 0 0 0 316
1391112582 86760 3513 671 41 5 0 0 440 37 0 30 0 0 0 21 31 0 0 0 316
1391127120 86760 3513 680 41 5 0 0 440 37 0 30 0 0 0 21 31 0 0 0 316
1391127166 86760 3513 680 41 5 0 0 440 37 0 30 0 0 0 21 31 0 0 0 316
1391127542 86760 3513 681 41 5 0 0 440 37 0 30 0 0 0 21 31 0 0 0 316
1391148725 87094 3513 681 41 5 0 0 440 37 0 30 0 0 0 21 31 0 0 0 316
1391148730 87094 3513 681 41 5 0 0 440 37 0 30 0 0 0 21 31 0 0 0 316
1391167788 87094 3513 681 41 5 0 0 440 37 0 30 0 0 0 21 31 6 0 0 316
1391172389 87094 3513 683 41 5 0 0 440 37 0 30 0 0 0 21 31 6 0 0 316
1391172423 87094 3513 683 41 5 0 0 440 37 0 30 0 0 0 21 31 6 0 0 316
1391237929 87126 3513 683 41 5 0 0 440 37 0 30 0 0 0 21 31 6 0 0 316
1391237933 87126 3513 683 41 5 0 0 440 37 0 30 0 0 0 21 31 6 0 0 316
1391243477 87218 3513 683 41 5 0 0 440 37 0 30 0 0 0 21 31 6 0 0 316
1391301762 87379 3513 683 41 5 0 0 440 37 0 30 0 0 0 21 31 6 0 0 316
1391303555 87379 3575 683 41 5 0 0 440 37 0 30 0 0 0 21 31 6 0 0 316
1391303698 87379 3575 683 41 5 0 0 440 37 0 30 0 0 0 21 31 6 0 0 316
1391304937 87379 3576 683 41 5 0 0 440 37 0 30 0 0 0 21 31 6 0 0 316
1391314315 87458 3576 683 41 5 0 0 440 37 0 30 0 0 0 21 31 6 0 0 316
1391314321 87458 3576 683 41 5 0 0 440 37 0 30 0 0 0 21 31 6 0 0 316
1391370518 87572 3576 683 41 5 0 0 440 37 0 30 0 0 0 21 31 6 0 0 316
1391372315 87591 3576 683 41 5 0 0 440 37 0 30 0 0 0 21 31 6 0 0 316
1391436218 87591 3576 683 41 5 0 0 440 37 0 30 7 0 0 21 31 6 0 0 316
1391436359 87591 3576 683 41 5 0 0 440 37 0 30 7 0 0 21 31 6 0 0 316
1391478859 87591 3576 683 41 5 0 0 440 37 198 30 7 0 0 21 31 6 0 0 316
1391480294 87591 3576 683 41 5 0 0 440 37 198 30 7 0 0 21 31 6 0 0 316
1391480921 87918 3576 683 41 5 0 0 440 37 198 30 7 0 0 21 31 6 0 0 316
1391489690 88015 3576 683 41 5 0 0 440 37 198 30 7 0 0 21 31 6 0 0 316
1391497222 88015 3576 683 41 5 0 0 440 37 199 30 7 0 0 21 31 6 0 0 316
1391497291 88015 3576 683 41 5 0 0 440 37 201 30 7 0 0 21 31 6 0 0 316
1391498533 88015 3576 683 41 5 0 0 440 37 201 30 7 0 0 21 31 6 0 0 316
1391518660 88015 3576 683 51 5 0 0 440 37 201 30 7 0 0 21 31 6 0 0 316
1391518719 88015 3576 683 51 5 0 0 440 37 201 30 7 0 0 21 31 6 0 0 316
1391540682 88169 3576 683 51 5 0 0 440 37 201 30 7 0 0 21 31 6 0 0 316
1391541876 88169 3576 683 51 5 0 0 440 37 201 30 7 0 0 21 31 6 0 0 316
1391543764 88200 3576 683 51 5 0 0 440 37 201 30 7 0 0 21 31 6 0 0 316
1391545391 88218 3576 683 51 5 0 0 440 37 201 30 7 0 0 21 31 6 0 0 316
1391583646 88226 3576 683 51 5 0 0 440 37 201 30 7 0 0 21 31 6 0 0 316
1391619418 88360 3576 683 51 5 0 0 440 37 201 30 7 0 0 21 31 6 0 0 316
1391674914 88462 3576 683 51 5 0 0 440 37 201 30 7 0 0 21 31 6 0 0 316
1391779893 88462 3576 684 51 5 0 0 440 37 201 30 7 0 0 21 31 6 0 0 316
1391812482 88462 3576 684 51 5 0 0 440 37 201 30 33 0 0 21 31 6 0 0 316
1392097529 88495 3576 684 51 5 0 0 440 37 201 30 33 0 0 21 31 6 0 0 316
1392099293 88495 3576 684 51 5 0 0 440 37 201 30 33 0 0 21 31 6 0 0 316
1392133665 88541 3576 684 51 5 0 0 440 37 201 30 33 0 0 21 31 6 0 0 316
1392160770 88637 3576 684 51 5 0 0 440 37 201 30 33 0 0 21 31 6 0 0 316
1392178295 88637 3707 684 51 5 0 0 440 37 201 30 33 0 0 21 31 6 0 0 316
1392178335 88637 3707 684 51 5 0 0 440 37 201 30 33 0 0 21 31 6 0 0 316
1392205620 88637 3707 744 51 5 0 0 440 37 201 30 33 0 0 21 31 6 0 0 316
1392205883 88637 3707 744 51 5 0 0 440 37 201 30 33 0 0 21 31 6 0 0 316
1392210886 88637 3707 755 51 5 0 0 440 37 201 30 33 0 0 21 31 6 0 0 316
1392217316 88637 3707 755 51 5 0 0 440 37 201 30 33 0 0 21 31 6 0 0 316
1392266063 88745 3707 755 51 5 0 0 440 37 201 30 33 0 0 21 31 6 0 0 316
1392266096 88745 3707 755 51 5 0 0 440 37 201 30 33 0 0 21 31 6 0 0 316
1392268855 88752 3707 755 51 5 0 0 440 37 201 30 33 0 0 21 31 6 0 0 316
1392292633 88752 3707 762 51 5 0 0 440 37 201 30 33 0 0 21 31 6 0 0 316
1392325917 88752 3779 762 51 5 0 0 440 37 201 30 33 0 0 21 31 6 0 0 316
1392326079 88752 3779 762 51 5 0 0 440 37 201 30 33 0 0 21 31 6 0 0 316
1392349780 88752 3798 762 51 5 0 0 440 37 201 30 33 0 0 21 31 6 0 0 316
1392372144 88752 3798 762 51 5 0 1 440 37 201 30 33 0 0 21 31 6 0 0 316
1392426412 88816 3798 762 51 5 0 1 440 37 201 30 33 0 0 21 31 6 0 0 316
1392428110 88851 3798 762 51 5 0 1 440 37 201 30 33 0 0 21 31 6 0 0 316
1392428382 88851 3798 762 51 5 0 1 440 37 201 30 33 0 0 21 31 6 0 0 316
1392447029 88898 3798 762 51 5 0 1 440 37 201 30 33 0 0 21 31 6 0 0 316
1392447067 88901 3798 762 51 5 0 1 440 37 201 30 33 0 0 21 31 6 0 0 316
1392485847 88901 3858 762 51 5 0 1 440 37 201 30 33 0 0 21 31 6 0 0 316
1392503625 88901 3977 762 51 5 0 1 440 37 201 30 33 0 0 21 31 6 0 0 316
1392503681 88901 3977 762 51 5 0 1 440 37 201 30 33 0 0 21 31 6 0 0 316
1392516937 88901 4042 762 51 5 0 1 440 37 201 30 33 0 0 21 31 6 0 0 316
1392520296 88901 4093 762 51 5 0 1 440 37 201 30 33 0 0 21 31 6 0 0 316
1392522523 88901 4094 762 51 5 0 1 440 37 201 30 33 0 0 21 31 6 0 0 316
1392531662 89252 4094 762 51 5 0 1 440 37 201 30 33 0 0 21 31 6 0 0 316
1392531722 89252 4094 762 51 5 0 1 440 37 201 30 33 0 0 21 31 6 0 0 316
1392531854 89254 4094 762 51 5 0 1 440 37 201 30 33 0 0 21 31 6 0 0 316
1392603671 89254 4099 762 51 5 0 1 440 37 201 30 33 0 0 21 31 6 0 0 316
1392603736 89254 4099 762 51 5 0 1 440 37 201 30 33 0 0 21 31 6 0 0 316
1392604017 89254 4099 762 51 5 0 1 440 37 201 30 33 0 0 21 31 6 0 0 316
1392604159 89285 4099 762 51 5 0 1 440 37 201 30 33 0 0 21 31 6 0 0 316
1392604173 89285 4099 762 51 5 0 1 440 37 201 30 33 0 0 21 31 6 0 0 316
1392605841 89348 4099 762 51 5 0 1 440 37 201 30 33 0 0 21 31 6 0 0 316
1392614299 89424 4099 762 51 5 0 1 787 37 201 30 33 0 0 21 31 6 0 0 316
1392750246 89424 4099 762 51 5 0 1 1040 37 201 30 33 0 0 21 31 6 0 0 316
1392835406 89424 4099 762 51 5 0 1 1040 37 201 30 33 0 0 21 31 6 0 0 316
1392865393 89428 4099 762 51 5 0 1 1040 37 201 30 33 0 0 21 31 6 0 0 316
1392936835 89428 4115 762 51 5 0 1 1040 37 201 30 33 0 0 21 31 6 0 0 316
1392936895 89428 4115 762 51 5 0 1 1040 37 201 30 33 0 0 21 31 6 0 0 316
1392954252 89428 4115 762 51 5 0 1 1040 37 201 30 33 0 0 21 31 6 0 0 316
1392958533 89459 4115 762 51 5 0 1 1040 37 201 30 33 0 0 21 31 6 0 0 316
1392958559 89459 4115 762 51 5 0 1 1040 37 201 30 33 0 0 21 31 6 0 0 316
1392963305 89593 4115 762 51 5 0 1 1040 37 201 30 33 0 0 21 31 6 0 0 316
1392965264 89705 4115 762 51 5 0 1 1040 37 201 30 33 0 0 21 31 6 0 0 316
1392966541 89767 4115 762 51 5 0 1 1040 37 201 30 33 0 0 21 31 6 0 0 316
1393023499 89790 4115 762 51 5 0 1 1040 37 201 30 33 0 0 21 31 6 0 0 316
1393023839 89800 4115 762 51 5 0 1 1040 37 201 30 33 0 0 21 31 6 0 0 316
1393060465 89859 4115 762 51 5 0 1 1040 37 201 30 33 0 0 21 31 6 0 0 316
1393143451 89859 4115 762 51 5 0 1 1040 39 201 30 33 0 0 21 31 6 0 0 316
1393168108 89859 4115 762 51 5 0 1 1040 42 201 30 33 0 0 21 31 6 0 0 316
1393220763 89859 4115 762 51 5 0 1 1040 42 201 30 33 67 0 21 31 6 0 0 316
1393225621 89859 4115 762 51 5 0 1 1040 42 201 30 33 68 0 21 31 6 0 0 316
1393282083 89859 4121 762 51 5 0 1 1040 42 201 30 33 68 0 21 31 6 0 0 316
1393287747 89859 4125 762 51 5 0 1 1040 42 201 30 33 68 0 21 31 6 0 0 316
1393336218 89859 4125 762 51 5 0 1 1040 42 201 30 33 69 0 21 31 6 0 0 316
1393369043 89859 4125 762 100 5 0 1 1040 42 201 30 33 69 0 21 31 6 0 0 316
1393369063 89859 4125 762 100 5 0 1 1040 42 201 30 33 69 0 21 31 6 0 0 316
1393379704 89859 4125 762 100 5 0 1 1040 42 201 30 33 69 0 21 31 6 0 0 316
1393379855 89859 4125 762 100 5 0 1 1040 42 201 30 33 69 0 21 31 6 0 0 316
1393379940 89859 4125 762 100 5 0 1 1040 42 201 30 33 69 354 21 31 6 0 0 316
1393446382 89859 4125 762 100 5 0 1 1040 42 201 30 33 69 354 21 31 6 0 0 316
1393453462 89859 4129 762 100 5 0 1 1040 42 201 30 33 69 354 21 31 6 0 0 316
1393526762 89859 4130 762 100 5 0 1 1040 42 201 30 33 69 354 21 31 6 0 0 316
1393540816 89859 4130 762 120 5 0 1 1040 42 201 30 33 69 354 21 31 6 0 0 316
1393540841 89859 4130 762 120 5 0 1 1040 42 201 30 33 69 354 21 31 6 0 0 316
1393570585 90177 4130 762 120 5 0 1 1040 42 201 30 33 69 354 21 31 6 0 0 316
1393570633 90177 4130 762 120 5 0 1 1040 42 201 30 33 69 354 21 31 6 0 0 316
1393584453 90177 4130 765 120 5 0 1 1040 42 201 30 33 69 354 21 31 6 0 0 316
1393586340 90177 4130 765 120 5 0 44 1040 42 201 30 33 69 354 21 31 6 0 0 316
1393589227 90177 4130 765 120 5 0 45 1040 42 201 30 33 69 354 21 31 6 0 0 316
1393618918 90177 4130 765 120 5 0 45 1040 42 201 30 33 69 354 21 31 6 0 0 316
1393653506 90177 4130 765 120 5 0 95 1040 42 201 30 33 69 354 21 31 6 0 0 316
1393655357 90339 4130 765 120 5 0 95 1040 42 201 30 33 69 354 21 31 6 0 0 316
1393656257 90347 4130 765 120 5 0 95 1040 42 201 30 33 69 354 21 31 6 0 0 316
1393660042 90347 4130 765 120 5 0 95 1040 42 201 30 33 69 354 21 31 6 0 0 316
1393666747 90347 4130 765 120 5 0 134 1040 42 201 30 33 69 354 21 31 6 0 0 316
1393709756 90347 4130 857 120 5 0 134 1040 42 201 30 33 69 354 21 31 6 0 0 316
1393710452 90347 4130 857 120 5 0 134 1040 42 201 30 33 69 354 21 31 6 0 0 316
1393725732 90347 4130 857 120 5 0 134 1040 42 201 30 33 69 354 21 31 6 0 0 316
1393741254 90350 4130 857 120 5 0 134 1040 42 201 30 33 69 354 21 31 6 0 0 316
1393744594 90636 4130 857 120 5 0 134 1040 42 201 30 33 69 354 21 31 6 0 0 316
1393802911 90636 4130 866 120 5 0 134 1040 42 201 30 33 69 354 21 31 6 0 0 316
1393803238 90636 4130 866 120 5 0 134 1040 42 201 30 33 69 354 21 31 6 0 0 316
1393842778 90636 4130 935 120 5 0 134 1040 42 201 30 33 69 354 21 31 6 0 0 316
1393845536 90636 4130 935 152 5 0 134 1040 42 201 30 33 69 354 21 31 6 0 0 316
1393845561 90636 4130 935 152 5 0 134 1040 42 201 30 33 69 354 21 31 6 0 0 316
1393880515 90636 4130 938 152 5 0 134 1040 42 201 30 33 69 354 21 31 6 0 0 316
1393881911 90636 4131 938 152 5 0 134 1040 42 201 30 33 69 354 21 31 6 0 0 316
1393883067 90636 4131 938 152 5 0 134 1040 42 201 30 33 69 354 21 31 6 0 0 316
1394199910 90636 4131 938 168 5 0 134 1040 42 201 30 33 69 354 21 31 6 0 0 316
1394231260 90636 4170 938 168 5 0 134 1040 42 201 30 33 69 354 21 31 6 0 0 316
1394311839 90636 4176 938 168 5 0 134 1040 42 201 30 33 69 354 21 31 6 0 0 316
1394317594 90636 4182 938 168 5 0 134 1040 42 201 30 33 69 354 21 31 6 0 0 316
1394413522 90636 4336 938 168 5 0 134 1040 42 201 30 33 69 354 21 31 6 0 0 316
1394416916 90636 4376 938 168 5 0 134 1040 42 201 30 33 69 354 21 31 6 0 0 316
1394477619 90636 4384 938 168 5 0 134 1040 42 201 30 33 69 354 21 31 6 0 0 316
1394489787 90636 4410 938 168 5 0 134 1040 42 201 30 33 69 354 21 31 6 0 0 316
1394653665 90636 4420 938 168 5 0 134 1040 42 201 30 33 69 354 21 31 6 0 0 316
1394658877 90636 4420 938 168 5 0 134 1040 42 201 30 33 69 354 21 31 6 0 0 316
1394678858 90636 4429 938 168 5 0 134 1040 42 201 30 33 69 354 21 31 6 0 0 316
1394678888 90636 4429 938 168 5 0 134 1040 42 201 30 33 69 354 21 31 6 0 0 316
1394714865 90636 4429 952 168 5 0 134 1040 42 201 30 33 69 354 21 31 6 0 0 316
1394726594 90636 4429 952 168 5 15 134 1040 42 201 30 33 69 354 21 31 6 0 0 316
1395053943 90636 4429 952 181 5 15 134 1040 42 201 30 33 69 354 21 31 6 0 0 316
1395054204 90636 4429 952 181 5 15 134 1040 42 201 30 33 69 354 21 31 6 0 0 316
1395425559 90636 4429 952 237 5 15 134 1040 42 201 30 33 69 354 21 31 6 0 0 316
1396203495 90636 4436 952 237 5 15 134 1040 42 201 30 33 69 354 21 31 6 0 0 316
1396262918 90636 4436 952 269 5 15 134 1040 42 201 30 33 69 354 21 31 6 0 0 316
1396263237 90636 4436 952 269 5 15 134 1040 42 201 30 33 69 354 21 31 6 0 0 316
1396278261 90636 4446 952 269 5 15 134 1040 42 201 30 33 69 354 21 31 6 0 0 316
1396296379 90636 4446 952 269 5 20 134 1040 42 201 30 33 69 354 21 31 6 0 0 316
1396334139 90636 4446 952 269 5 20 134 1040 42 201 30 33 69 354 21 31 6 0 0 316
1396356751 90636 4446 952 270 5 20 134 1040 42 201 30 33 69 354 21 31 6 0 0 316
1396361971 90636 4446 960 270 5 20 134 1040 42 201 30 33 69 354 21 31 6 0 0 316
1396362549 90636 4446 960 270 5 20 134 1040 42 201 30 33 69 354 21 31 6 0 0 316
1396396341 90636 4446 960 270 5 25 134 1040 42 201 30 33 69 354 21 31 6 0 0 316
1396436636 90636 4446 960 270 5 25 134 1040 42 201 30 33 69 354 21 31 6 0 0 316
1396455777 90636 4446 960 270 5 29 134 1040 42 201 30 33 69 354 21 31 6 0 0 316
1396467268 90636 4458 960 270 5 29 134 1040 42 201 30 33 69 354 21 31 6 0 0 316
1396467704 90636 4458 960 270 5 29 134 1040 42 201 30 33 69 354 21 31 6 0 0 316
1396609298 90636 4458 960 312 5 29 134 1040 42 201 30 33 69 354 21 31 6 0 0 316
1396807539 90636 4458 960 312 5 1149 134 1040 42 201 30 33 69 354 21 31 6 0 0 316
1396810645 90636 4458 960 312 5 1324 134 1040 42 201 30 33 69 354 21 31 6 0 0 316
1396818202 90636 4517 960 312 5 1324 134 1040 42 201 30 33 69 354 21 31 6 0 0 316
1396818343 90636 4517 960 312 5 1324 134 1040 42 201 30 33 69 354 21 31 6 0 0 316
1396823975 90636 4517 960 312 5 1329 134 1040 42 201 30 33 69 354 21 31 6 0 0 316
1396824362 90636 4517 960 312 5 1329 134 1040 42 201 30 33 69 354 21 31 6 0 0 316
1396866700 90636 4517 960 312 5 1329 134 1040 42 201 30 33 69 354 21 31 12 0 0 316
1396877453 90636 4517 960 312 5 1495 134 1040 42 201 30 33 69 354 21 31 12 0 0 316
1396880060 90636 4517 960 312 5 1529 134 1040 42 201 30 33 69 354 21 31 12 0 0 316
1396884662 90636 4517 960 312 5 1556 134 1040 42 201 30 33 69 354 21 31 12 0 0 316
1396903498 90636 4517 960 312 5 1567 134 1040 42 201 30 33 69 354 21 31 12 0 0 316
1396905657 90636 4517 960 312 5 1581 134 1040 42 201 30 33 69 354 21 31 12 0 0 316
1396963346 90636 4517 960 312 5 1581 134 1040 42 201 30 33 69 354 21 31 12 0 0 316
1397040048 90636 4517 963 312 5 1581 134 1040 42 201 30 33 69 354 21 31 12 0 0 316
1397040136 90636 4517 963 312 5 1581 134 1040 42 201 30 33 69 354 21 31 12 0 0 316
1397050877 90636 4528 963 312 5 1581 134 1040 42 201 30 33 69 354 21 31 12 0 0 316
1397051170 90636 4528 981 312 5 1581 134 1040 42 201 30 33 69 354 21 31 12 0 0 316
1397051373 90636 4528 981 312 5 1581 134 1040 42 201 30 33 69 354 21 31 12 0 0 316
1397082858 90636 4528 981 312 5 1586 134 1040 42 201 30 33 69 354 21 31 12 0 0 316
1397086663 90636 4528 981 312 5 1596 134 1040 42 201 30 33 69 354 21 31 12 0 0 316
1397652694 90636 4528 981 319 5 1596 134 1040 42 201 30 33 69 354 21 31 12 0 0 316
1397804519 90636 4530 981 319 5 1596 134 1040 42 201 30 33 69 354 21 31 12 0 0 316
1398231531 90636 4530 981 319 5 1596 134 1040 42 201 30 33 69 354 21 31 12 36 0 316
1398882022 90636 4530 981 325 5 1596 134 1040 42 201 30 33 69 354 21 31 12 36 0 316
1398955331 90636 4541 981 325 5 1596 134 1040 42 201 30 33 69 354 21 31 12 36 0 316
1398955354 90636 4541 981 325 5 1596 134 1040 42 201 30 33 69 354 21 31 12 36 0 316
1398956924 90636 4543 981 325 5 1596 134 1040 42 201 30 33 69 354 21 31 12 36 0 316
1399552659 90636 4543 981 334 5 1596 134 1040 42 201 30 33 69 354 21 31 12 36 0 316
1399635150 90636 4543 981 339 5 1596 134 1040 42 201 30 33 69 354 21 31 12 36 0 316
1399988731 90636 4543 981 341 5 1596 134 1040 42 201 30 33 69 354 21 31 12 36 0 316
1400014029 90636 4543 1300 341 5 1596 134 1040 42 201 30 33 69 354 21 31 12 36 0 316
1400065188 90636 4543 1300 341 5 1596 134 1040 42 201 30 33 69 354 21 31 12 36 0 316
1400156978 90636 4543 1300 351 5 1596 134 1040 42 201 30 33 69 354 21 31 12 36 0 316
1400489185 90636 4543 1301 351 5 1596 134 1040 42 201 30 33 69 354 21 31 12 36 0 316
1400837905 90636 4543 1301 357 5 1596 134 1040 42 201 30 33 69 354 21 31 12 36 0 316
1400859474 90636 4543 1313 357 5 1596 134 1040 42 201 30 33 69 354 21 31 12 36 0 316
1400873296 90636 4543 1313 357 5 1596 134 1040 42 201 30 33 69 354 21 31 12 36 0 316
1401101549 90636 4543 1317 357 5 1596 134 1040 42 201 30 33 69 354 21 31 12 36 0 316
1401199435 90636 4543 1325 357 5 1596 134 1040 42 201 30 33 69 354 21 31 12 36 0 316
1401442761 90636 4543 1337 357 5 1596 134 1040 42 201 30 33 69 354 21 31 12 36 0 316
1401450941 90636 4543 1352 357 5 1596 134 1040 42 201 30 33 69 354 21 31 12 36 0 316
1401452749 90636 4543 1375 357 5 1596 134 1040 42 201 30 33 69 354 21 31 12 36 0 316
1401455583 90636 4543 1379 357 5 1596 134 1040 42 201 30 33 69 354 21 31 12 36 0 316
1401703404 90636 4543 1386 357 5 1596 134 1040 42 201 30 33 69 354 21 31 12 36 0 316
1402328144 90636 4543 1450 357 5 1596 134 1040 42 201 30 33 69 354 21 31 12 36 0 316
1402329853 90636 4543 1451 357 5 1596 134 1040 42 201 30 33 69 354 21 31 12 36 0 316
1402750468 90636 4543 1469 357 5 1596 134 1040 42 201 30 33 69 354 21 31 12 36 0 316
1403598512 90636 4543 1469 360 5 1596 134 1040 42 201 30 33 69 354 21 31 12 36 0 316
1404322084 90636 4543 1469 360 5 1625 134 1040 42 201 30 33 69 354 21 31 12 36 0 316
1404322733 90636 4543 1469 360 5 1626 134 1040 42 201 30 33 69 354 21 31 12 36 0 316
1405462474 90636 4543 1469 360 5 1626 134 1040 42 201 30 33 69 354 21 31 12 36 0 316
